3.01.2000	18,2	0	18,3	18,1	18,3
4.01.2000	18,6	0	18,8	18,3	18,3
5.01.2000	17,76	0	17,9	17,6	17,6
6.01.2000	18,4	0	18,4	18,4	18,4
7.01.2000	18,08	0	18,5	17,8	17,8
10.01.2000	18,68	0	19,1	17,8	18,5
11.01.2000	19,2	0	19,5	18,5	18,5
12.01.2000	18,5	0	18,5	18,5	18,5
13.01.2000	19,5	0	19,5	19,5	19,5
14.01.2000	19,7	0	19,7	19,7	19,7
17.01.2000	18,7	0	18,7	18,7	18,7
18.01.2000	19,4	0	19,4	19,4	19,4
19.01.2000	19,08	0	19,4	18,6	19,4
20.01.2000	19,7	0	20	19,38	19,9
21.01.2000	20,45	0	20,7	20	20,7
24.01.2000	22,18	0	23	21	22,5
25.01.2000	23,29	0	23,8	22,5	23,8
26.01.2000	24,19	0	24,5	23	23,8
27.01.2000	25,15	0	26,4	23,8	24,5
28.01.2000	23,93	0	24,9	23,1	24
31.01.2000	23,02	0	24	22,8	24
1.02.2000	24	0	24	24	24
2.02.2000	0	0	0	0	24
3.02.2000	24,18	0	24,4	24	24,2
4.02.2000	24,4	0	24,4	24,4	24,4
7.02.2000	24,57	0	24,7	23,8	23,8
8.02.2000	24,58	0	24,7	24,1	24,7
9.02.2000	24,7	0	24,7	24,7	24,7
10.02.2000	25,07	0	25,4	25	25
11.02.2000	25,27	0	25,5	25	25
14.02.2000	25,13	0	25,6	25	25,1
15.02.2000	25,16	0	25,2	25,1	25,1
16.02.2000	25,5	0	25,9	25,4	25,4
17.02.2000	25,2	0	25,8	25,2	25,8
18.02.2000	25,88	0	26	25,8	25,9
21.02.2000	25,26	0	25,5	25	25,5
22.02.2000	25,37	0	25,8	24,7	25,8
23.02.2000	25,5	0	25,5	25,5	25,5
25.02.2000	25,38	0	25,8	24,7	25,8
28.02.2000	25,8	0	25,8	25,8	25,8
29.02.2000	25,1	0	25,1	25,1	25,1
1.03.2000	0	0	0	0	25,1
2.03.2000	25,1	0	25,1	25,1	25,1
3.03.2000	25,8	0	25,8	25,8	25,8
6.03.2000	25,82	0	26	25,3	25,6
7.03.2000	25,95	0	26,3	25,6	25,6
8.03.2000	25,86	0	26,4	25,5	26,4
9.03.2000	26,03	0	26,3	25,5	25,5
10.03.2000	26,34	0	26,7	25,5	26,7
13.03.2000	26,77	0	26,9	26,5	26,5
14.03.2000	26,52	0	26,9	26,5	26,5
15.03.2000	0	0	0	0	26,5
16.03.2000	26,95	0	27,5	26,5	27
17.03.2000	27,93	0	28	27,5	28
20.03.2000	28,83	0	29,5	27,7	29,5
21.03.2000	29,13	0	29,5	29	29,5
22.03.2000	0	0	0	0	29,5
23.03.2000	29,53	0	29,8	29,1	29,8
24.03.2000	29,85	0	30	29,5	30
27.03.2000	29,64	0	30	29,6	29,6
28.03.2000	30	0	30	30	30
29.03.2000	29,99	0	30	29,6	29,6
30.03.2000	29,6	0	29,6	29,6	29,6
31.03.2000	29,54	0	29,7	29	29,1
3.04.2000	28,9	0	29,2	28,6	28,6
4.04.2000	28,6	0	28,6	28,6	28,6
5.04.2000	27,72	0	28,5	27,1	27,2
6.04.2000	27,03	0	27,1	26,9	26,9
7.04.2000	28,4	0	29,3	27,4	29
10.04.2000	29,2	0	29,2	29,2	29,2
11.04.2000	29	0	29	29	29
12.04.2000	28,8	0	28,8	28,8	28,8
13.04.2000	29	0	29	29	29
14.04.2000	29,2	0	29,2	29,2	29,2
17.04.2000	27,54	0	28,2	27,1	27,1
18.04.2000	28,5	0	28,5	28,5	28,5
19.04.2000	28,6	0	28,6	28,6	28,6
20.04.2000	28,22	0	28,5	28,2	28,5
24.04.2000	28,5	0	28,5	28,5	28,5
25.04.2000	27,8	0	27,8	27,8	27,8
26.04.2000	28,35	0	28,5	28,3	28,5
27.04.2000	28,7	0	29	28,2	29
28.04.2000	29,48	0	29,5	29	29,5
2.05.2000	0	0	0	0	29,5
3.05.2000	0	0	0	0	29,5
4.05.2000	29,1	0	29,1	29,1	29,1
5.05.2000	0	0	0	0	29,1
8.05.2000	29,1	0	29,1	29,1	29,1
9.05.2000	0	0	0	0	29,1
10.05.2000	29,81	0	29,9	29,8	29,8
11.05.2000	0	0	0	0	29,8
12.05.2000	29,7	0	29,9	29,6	29,9
15.05.2000	29,69	0	29,7	29,6	29,7
16.05.2000	29,69	0	29,9	29,6	29,6
17.05.2000	29,88	0	30	29,7	30
18.05.2000	29,9	0	30	29,8	29,8
19.05.2000	30	0	30	30	30
22.05.2000	0	0	0	0	30
23.05.2000	30	0	30	30	30
24.05.2000	29,9	0	29,9	29,9	29,9
25.05.2000	29,9	0	29,9	29,9	29,9
26.05.2000	30,3	0	30,3	30,3	30,3
29.05.2000	29,77	0	29,9	29,7	29,8
30.05.2000	0	0	0	0	29,8
31.05.2000	29,6	0	29,6	29,6	29,6
1.06.2000	29,6	0	29,6	29,6	29,6
2.06.2000	29,73	0	30	29,6	29,61
5.06.2000	29,6	0	29,6	29,6	29,6
6.06.2000	0	0	0	0	29,6
7.06.2000	29,85	0	29,85	29,6	29,85
8.06.2000	0	0	0	0	29,85
9.06.2000	29,6	0	29,6	29,6	29,6
12.06.2000	0	0	0	0	29,6
13.06.2000	29,6	0	29,6	29,6	29,6
14.06.2000	29,21	0	29,8	29	29,8
15.06.2000	0	0	0	0	29,8
16.06.2000	0	0	0	0	29,8
19.06.2000	29,1	0	29,1	29,1	29,1
20.06.2000	29,1	0	29,1	29,1	29,1
21.06.2000	28,9	0	28,9	28,9	28,9
22.06.2000	0	0	0	0	28,9
26.06.2000	29,62	0	29,8	28,7	28,7
27.06.2000	28,7	0	28,7	28,7	28,7
28.06.2000	28,97	0	29,8	28,7	29
29.06.2000	0	0	0	0	29
30.06.2000	29	0	29	29	29
3.07.2000	29,5	0	29,5	29,5	29,5
4.07.2000	29,5	0	29,5	29,5	29,5
5.07.2000	0	0	0	0	29,5
6.07.2000	28,5	0	28,5	28,5	28,5
7.07.2000	29,5	0	29,5	29,5	29,5
10.07.2000	29,2	0	29,4	29	29
11.07.2000	29,4	0	29,4	29,4	29,4
12.07.2000	0	0	0	0	29,4
13.07.2000	29	0	29	29	29
14.07.2000	29	0	29	29	29
17.07.2000	29,2	0	29,2	29,2	29,2
18.07.2000	0	0	0	0	29,2
19.07.2000	0	0	0	0	29,2
20.07.2000	0	0	0	0	29,2
21.07.2000	0	0	0	0	29,2
24.07.2000	29	0	29	29	29
25.07.2000	0	0	0	0	29
26.07.2000	0	0	0	0	29
27.07.2000	0	0	0	0	29
28.07.2000	0	0	0	0	29
31.07.2000	29	0	29	29	29
1.08.2000	28,9	0	28,9	28,9	28,9
2.08.2000	28,7	0	28,7	28,7	28,7
3.08.2000	28,5	0	28,5	28,5	28,5
4.08.2000	29,2	0	29,2	29,2	29,2
7.08.2000	29,64	0	29,7	29,5	29,6
8.08.2000	29,71	0	30	29,6	30
9.08.2000	30,76	0	32	30	32
10.08.2000	31,96	0	32	31,6	32
11.08.2000	32,99	0	33	31,6	31,6
14.08.2000	0	0	0	0	31,6
15.08.2000	32,5	0	33,7	31,6	32,5
16.08.2000	32,17	0	32,2	32,1	32,1
17.08.2000	32,43	0	32,8	32,1	32,8
18.08.2000	32,3	0	32,8	32,3	32,3
21.08.2000	32,27	0	32,8	32,2	32,2
22.08.2000	32,33	0	32,6	32,3	32,6
23.08.2000	32,31	0	32,6	32,3	32,6
24.08.2000	32,3	0	32,3	32,3	32,3
25.08.2000	32,36	0	32,4	32,3	32,4
28.08.2000	33,44	0	34	32,6	34
29.08.2000	34,93	0	35,5	34	35,5
30.08.2000	35,15	0	35,7	34,5	35,5
31.08.2000	35,71	0	35,8	35,7	35,8
1.09.2000	35,79	0	35,8	34,9	35,8
4.09.2000	35,3	0	35,8	35,1	35,1
5.09.2000	35,19	0	35,2	35,1	35,1
6.09.2000	35,87	0	36	35,1	36
7.09.2000	35,69	0	35,8	35,6	35,6
8.09.2000	35,76	0	36,2	35,3	35,8
11.09.2000	0	0	0	0	35,8
12.09.2000	35,3	0	35,3	35,3	35,3
13.09.2000	35,4	0	35,4	35,3	35,3
14.09.2000	0	0	0	0	35,3
15.09.2000	0	0	0	0	35,3
18.09.2000	36,01	0	36,1	36	36,1
19.09.2000	35,27	0	36	35,2	35,3
20.09.2000	34	0	35	33,5	33,56
21.09.2000	32,77	0	33,5	32,3	32,3
22.09.2000	31,78	0	32,1	31,1	31,1
25.09.2000	33,55	0	34,5	32	34,25
26.09.2000	33,22	0	33,5	32,6	33,25
27.09.2000	33,27	0	33,7	33,25	33,7
28.09.2000	33,75	0	33,8	33,7	33,7
29.09.2000	34,09	0	34,3	34	34,3
2.10.2000	34	0	34	34	34
3.10.2000	34,42	0	34,5	34,25	34,5
4.10.2000	34,8	0	34,8	34,8	34,8
5.10.2000	0	0	0	0	34,8
6.10.2000	34,1	0	34,1	34,1	34,1
9.10.2000	0	0	0	0	34,1
10.10.2000	0	0	0	0	34,1
11.10.2000	34,4	0	34,4	34,4	34,4
12.10.2000	34,01	0	34,4	34	34
13.10.2000	34,32	0	34,4	34,25	34,4
16.10.2000	34,17	0	34,4	34,1	34,1
17.10.2000	33,99	0	34,1	33,94	34,1
18.10.2000	33,9	0	33,9	33,9	33,9
19.10.2000	34,07	0	34,2	33,9	34
20.10.2000	34,29	0	34,7	34,2	34,7
23.10.2000	34,86	0	35	34,7	35
24.10.2000	34,95	0	35,5	34,9	35
25.10.2000	35,1	0	35,2	35,1	35,2
26.10.2000	35,4	0	35,4	35,4	35,4
27.10.2000	35,27	0	35,7	35	35,7
30.10.2000	36,05	0	36,5	35,75	36,5
31.10.2000	0	0	0	0	36,5
1.11.2000	36,92	0	37	36,8	37
2.11.2000	37,83	0	38,5	36,8	37,7
3.11.2000	38,04	0	38,5	38	38
6.11.2000	39	0	39,5	38	39,5
7.11.2000	39,76	0	40,8	39	39
8.11.2000	39,54	0	40	39	39
9.11.2000	38,74	0	39	38,5	38,5
10.11.2000	38,1	0	38,1	38,1	38,1
13.11.2000	38,1	0	38,1	38,1	38,1
14.11.2000	38,26	0	38,5	38,1	38,5
15.11.2000	38,47	0	38,8	38,1	38,8
16.11.2000	39	0	39,7	39	39,7
17.11.2000	39,7	0	39,7	39,7	39,7
20.11.2000	0	0	0	0	39,7
21.11.2000	39	0	39	39	39
22.11.2000	37,85	0	38,6	37,1	37,1
23.11.2000	36,93	0	37	36,5	37
24.11.2000	37	0	37	37	37
27.11.2000	38,02	0	38,5	37	38,5
28.11.2000	38,5	0	38,5	38,5	38,5
29.11.2000	38,5	0	38,5	38,5	38,5
30.11.2000	38,5	0	38,5	38,5	38,5
1.12.2000	36,6	0	36,6	36,6	36,6
4.12.2000	0	0	0	0	36,6
5.12.2000	37	0	37	37	37
6.12.2000	38,4	0	38,4	38,4	38,4
7.12.2000	36,64	0	37	36,5	36,5
8.12.2000	37,17	0	38	37	38
11.12.2000	37,09	0	37,6	37	37,6
12.12.2000	37,1	0	37,1	37,1	37,1
13.12.2000	37,6	0	37,6	37,6	37,6
14.12.2000	37,4	0	37,6	37,2	37,6
15.12.2000	37,6	0	37,6	37,6	37,6
18.12.2000	37,22	0	37,6	37,2	37,6
19.12.2000	0	0	0	0	37,6
20.12.2000	37,02	0	37,1	36,5	37
21.12.2000	36,1	0	36,1	36,1	36,1
22.12.2000	36,31	0	37,2	36,1	37,2
27.12.2000	37,2	0	37,2	37,2	37,2
28.12.2000	37,43	0	38	36,2	38
29.12.2000	38	0	38	38	38
2.01.2001	38	0	38	38	38
3.01.2001	37,85	0	37,89	37,8	37,89
4.01.2001	0	0	0	0	37,89
5.01.2001	0	0	0	0	37,89
8.01.2001	38	0	38	38	38
9.01.2001	38,03	0	38,5	38	38,5
10.01.2001	38,55	0	38,6	38,5	38,5
11.01.2001	38,5	0	38,5	38,5	38,5
12.01.2001	38,6	0	38,7	38,5	38,7
15.01.2001	38,5	0	38,8	38,1	38,8
16.01.2001	39	0	39	39	39
17.01.2001	38,92	0	39	38,9	39
18.01.2001	38,99	0	39	38,3	38,9
19.01.2001	38,89	0	39	38,5	38,5
22.01.2001	38,81	0	39	38,75	39
23.01.2001	38,62	0	38,75	38,5	38,75
24.01.2001	39,21	0	39,5	38,5	39,5
25.01.2001	39,49	0	39,5	39,4	39,5
26.01.2001	39,08	0	39,2	39	39
29.01.2001	40,34	0	41,5	39,5	41,5
30.01.2001	42,18	0	44	41	43
31.01.2001	43,77	0	44	42,5	43,8
1.02.2001	43,29	0	43,8	42,6	43,3
2.02.2001	42,97	0	43,1	42,8	43,1
5.02.2001	42,81	0	43	42,8	43
6.02.2001	42,73	0	42,8	42,6	42,8
7.02.2001	42,67	0	43	42,5	43
8.02.2001	42,51	0	42,6	42,5	42,6
9.02.2001	0	0	0	0	42,6
12.02.2001	43	0	43	43	43
13.02.2001	42,8	0	43	42,6	42,6
14.02.2001	43	0	43	43	43
15.02.2001	0	0	0	0	43
16.02.2001	0	0	0	0	43
19.02.2001	42,59	0	42,6	42,5	43
20.02.2001	42,02	0	42,5	41,3	41,3
21.02.2001	41,4	0	42	41	41,3
22.02.2001	42	0	42	42	42
23.02.2001	41	0	41	41	41
26.02.2001	41,43	0	42	41	41
27.02.2001	41,47	0	42	41	42
28.02.2001	41,28	0	42	41,25	42
1.03.2001	41	0	41	41	41
2.03.2001	42	0	42	42	42
5.03.2001	41	0	41	41	41
6.03.2001	40,46	0	41	40,1	40,1
7.03.2001	0	0	0	0	40,1
8.03.2001	41,5	0	41,5	41,5	41,5
9.03.2001	41,27	0	42	40,6	42
12.03.2001	41,24	0	42	40,6	42
13.03.2001	40,55	0	40,6	40,5	40,5
14.03.2001	40,36	0	40,4	40,3	40,4
15.03.2001	40,18	0	40,5	40	40
16.03.2001	41,08	0	41,2	40	41,2
19.03.2001	40	0	40	40	40
20.03.2001	40,1	0	41,2	40	40
21.03.2001	40	0	40	40	40
22.03.2001	40,28	0	41,2	40	41,2
23.03.2001	39,7	0	39,7	39,7	39,7
26.03.2001	40,01	0	40,5	40	40
27.03.2001	40,5	0	40,5	40,5	40,5
28.03.2001	0	0	0	0	40,5
29.03.2001	0	0	0	0	40,5
30.03.2001	0	0	0	0	40,5
2.04.2001	0	0	0	0	40,5
3.04.2001	0	0	0	0	40,5
4.04.2001	39,55	0	40,5	39,5	39,75
5.04.2001	39	0	39	39	39
6.04.2001	40	0	40	40	40
9.04.2001	39,86	0	40	39,75	39,75
10.04.2001	40	0	40	40	40
11.04.2001	0	0	0	0	40
12.04.2001	40,5	0	40,5	40,5	40,5
16.04.2001	40,68	0	41,2	40,6	40,6
17.04.2001	41,2	0	41,2	41,2	41,2
18.04.2001	41,31	0	41,4	41,1	41,4
19.04.2001	41,26	0	42,2	41	41,3
20.04.2001	0	0	0	0	41,3
23.04.2001	40,32	0	40,8	39	40,7
24.04.2001	39,3	0	39,3	39,3	39,3
25.04.2001	39,77	0	40,8	39,4	39,4
26.04.2001	0	0	0	0	39,4
27.04.2001	40	0	40	40	40
30.04.2001	40,5	0	40,5	40,5	40,5
2.05.2001	0	0	0	0	40,5
3.05.2001	0	0	0	0	40,5
4.05.2001	39,7	0	39,7	39,7	39,7
7.05.2001	40,16	0	40,5	39,7	39,7
8.05.2001	40,5	0	40,5	40,5	40,5
9.05.2001	40,88	0	41	40,2	41
10.05.2001	40,93	0	41,2	40,5	41,2
11.05.2001	40,6	0	41,4	40,6	41,4
14.05.2001	41,4	0	41,4	41,4	41,4
15.05.2001	41,4	0	41,4	41,4	41,4
16.05.2001	41,2	0	41,2	41,2	41,2
17.05.2001	40,88	0	41,4	40,6	41,4
18.05.2001	40,6	0	41	40,52	41
21.05.2001	40,5	0	40,5	40,5	40,5
22.05.2001	41,15	0	41,5	41	41,5
23.05.2001	41,41	0	41,5	41,1	41,1
24.05.2001	41,5	0	41,5	41,5	41,5
25.05.2001	0	0	0	0	41,5
28.05.2001	41,54	0	41,7	41,1	41,1
29.05.2001	41,58	0	41,9	41,3	41,3
30.05.2001	41,3	0	41,3	41,3	41,3
31.05.2001	41,9	0	41,9	41,9	41,9
1.06.2001	41,9	0	41,9	41,9	41,9
4.06.2001	41,31	0	41,4	41,3	41,4
5.06.2001	42,07	0	42,5	41,9	42,5
6.06.2001	42	0	42	42	42
7.06.2001	42	0	42	42	42
8.06.2001	0	0	0	0	42
11.06.2001	0	0	0	0	42
12.06.2001	0	0	0	0	42
13.06.2001	42,24	0	42,5	42	42
14.06.2001	0	0	0	0	42
15.06.2001	42	0	42	42	42
18.06.2001	42	0	42	42	42
19.06.2001	41,93	0	42	41,8	41,8
20.06.2001	0	0	0	0	41,8
21.06.2001	0	0	0	0	41,8
22.06.2001	42	0	42	42	42
25.06.2001	41,8	0	41,8	41,8	41,8
26.06.2001	41,8	0	41,8	41,8	41,8
27.06.2001	41,8	0	41,8	41,8	41,8
28.06.2001	41,8	0	41,8	41,8	41,8
29.06.2001	41,8	0	41,8	41,8	41,8
2.07.2001	41,8	0	41,8	41,8	41,8
3.07.2001	41,63	0	41,8	41,3	41,3
4.07.2001	41,5	0	41,5	41,5	41,5
5.07.2001	41,27	0	41,3	41,2	41,2
6.07.2001	0	0	0	0	41,2
9.07.2001	41,3	0	41,3	41,3	41,2
10.07.2001	42	0	42	42	42
11.07.2001	0	0	0	0	42
12.07.2001	0	0	0	0	42
13.07.2001	41	0	41	41	41
16.07.2001	41	0	41	41	41
17.07.2001	40,94	0	41,5	40,5	41
18.07.2001	40,43	0	40,5	40,2	40,5
19.07.2001	40,5	0	40,5	40,5	40,5
20.07.2001	40,5	0	40,5	40,5	40,5
23.07.2001	41,5	0	41,5	41,5	41,5
24.07.2001	41,44	0	41,5	40,5	40,5
25.07.2001	0	0	0	0	40,5
26.07.2001	0	0	0	0	40,5
27.07.2001	0	0	0	0	40,5
30.07.2001	40,5	0	40,5	40,5	40,5
31.07.2001	40,5	0	40,5	40,5	40,5
1.08.2001	40,5	0	40,5	40,5	40,5
2.08.2001	41,66	0	42	41,2	41,2
3.08.2001	41,1	0	41,2	40,6	40,6
6.08.2001	0	0	0	0	40,6
7.08.2001	0	0	0	0	40,6
8.08.2001	0	0	0	0	40,6
9.08.2001	40,5	0	40,5	40,5	40,5
10.08.2001	0	0	0	0	40,5
13.08.2001	40	0	40	40	40
14.08.2001	0	0	0	0	40
15.08.2001	40	0	40	40	40
16.08.2001	40,16	0	40,25	40	40
17.08.2001	0	0	0	0	40
21.08.2001	40	0	40	40	40
22.08.2001	39,14	0	40	38,5	39,5
23.08.2001	0	0	0	0	39,5
24.08.2001	39,8	0	39,8	39,8	39,8
27.08.2001	39,8	0	39,8	39,8	39,8
28.08.2001	0	0	0	0	39,8
29.08.2001	39,57	0	39,6	38,1	39,6
30.08.2001	0	0	0	0	39,6
31.08.2001	0	0	0	0	39,6
3.09.2001	37,77	0	38,1	37,5	37,7
4.09.2001	0	0	0	0	37,7
5.09.2001	38,2	0	38,2	38,2	38,2
6.09.2001	0	0	0	0	38,2
7.09.2001	37,1	0	37,1	37,1	37,1
10.09.2001	0	0	0	0	37,1
11.09.2001	37,25	0	37,25	37,25	37,25
12.09.2001	36,08	0	38,1	35,5	36,2
13.09.2001	36,89	0	38	36	38
14.09.2001	36,3	0	36,3	36,3	36,3
17.09.2001	36,64	0	38,2	36,3	36,3
18.09.2001	36,3	0	36,3	36,3	36,3
19.09.2001	36,3	0	36,3	36,3	36,3
20.09.2001	36,78	0	38,1	36,3	36,4
21.09.2001	37,12	0	38,2	36,4	38,2
24.09.2001	36,1	0	36,1	36,1	36,1
25.09.2001	0	0	0	0	36,1
26.09.2001	38,65	0	38,7	38,5	38,7
27.09.2001	37,3	0	37,3	37,3	37,3
28.09.2001	37,5	0	37,5	37,5	37,5
1.10.2001	37,5	0	37,5	37,5	37,5
2.10.2001	37,52	0	38,3	37,5	37,5
3.10.2001	37,3	0	37,3	37,3	37,3
4.10.2001	37,2	0	37,4	37,1	37,1
5.10.2001	0	0	0	0	37,1
8.10.2001	0	0	0	0	37,1
9.10.2001	37,1	0	37,1	37,1	37,1
10.10.2001	0	0	0	0	37,1
11.10.2001	37,5	0	37,5	37,5	37,5
12.10.2001	37,34	0	37,5	37,1	37,1
15.10.2001	0	0	0	0	37,1
16.10.2001	35,9	0	35,9	35,9	35,9
17.10.2001	37,1	0	37,1	37,1	37,1
18.10.2001	36,45	0	36,5	35,9	36,5
19.10.2001	0	0	0	0	36,5
22.10.2001	36,68	0	37,1	35,9	35,9
23.10.2001	0	0	0	0	35,9
24.10.2001	36,8	0	37,5	36	36,2
25.10.2001	0	0	0	0	36,2
26.10.2001	0	0	0	0	36,2
29.10.2001	36,53	0	37,5	36,2	37,5
30.10.2001	0	0	0	0	37,5
31.10.2001	0	0	0	0	37,5
1.11.2001	0	0	0	0	37,5
2.11.2001	0	0	0	0	37,5
5.11.2001	36,92	0	37	36,4	36,8
6.11.2001	0	0	0	0	36,8
7.11.2001	37,3	0	37,37	37,1	37,37
8.11.2001	0	0	0	0	37,37
9.11.2001	37,98	0	38	37,5	37,5
12.11.2001	38	0	38	38	38
13.11.2001	0	0	0	0	38
14.11.2001	0	0	0	0	38
15.11.2001	0	0	0	0	38
16.11.2001	37,77	0	38,4	37,5	37,5
19.11.2001	0	0	0	0	37,5
20.11.2001	0	0	0	0	37,5
21.11.2001	38,7	0	39,5	38,4	38,7
22.11.2001	0	0	0	0	38,7
23.11.2001	39,87	0	40,5	39,3	39,3
26.11.2001	40,5	0	40,5	40,5	40,5
27.11.2001	0	0	0	0	40,5
28.11.2001	0	0	0	0	40,5
29.11.2001	0	0	0	0	40,5
30.11.2001	40,42	0	40,5	40	40,5
3.12.2001	0	0	0	0	40,5
4.12.2001	40,7	0	40,7	40,7	40,7
5.12.2001	40,77	0	40,78	40,7	40,7
6.12.2001	41	0	41	41	41
7.12.2001	41	0	41	41	41
10.12.2001	40,5	0	40,5	40,5	40,5
11.12.2001	0	0	0	0	40,5
12.12.2001	40,5	0	40,5	40,5	40,5
13.12.2001	40,54	0	40,6	40,5	40,6
14.12.2001	40,6	0	40,6	40,6	40,6
17.12.2001	0	0	0	0	40,6
18.12.2001	40,4	0	40,4	40,4	40,4
19.12.2001	41,14	0	41,5	40,4	41,3
20.12.2001	41,77	0	42	41,1	41,8
21.12.2001	41,23	0	41,5	41,1	41,1
24.12.2001	42,62	0	43	41,93	43
27.12.2001	42,96	0	43	42,4	42,4
28.12.2001	42,72	0	43,2	42,4	43,2
31.12.2001	43,4	0	43,4	43,4	43,4
2.01.2002	0	0	0	0	43,4
3.01.2002	42,9	0	42,9	42,9	42,9
4.01.2002	43,29	0	43,5	43,2	43,2
7.01.2002	43,6	0	43,6	43,6	43,6
8.01.2002	43,86	0	44,5	43,2	44,5
9.01.2002	44	0	44	44	44
10.01.2002	44	0	44	44	44
11.01.2002	44,4	0	44,4	44,4	44,4
14.01.2002	0	0	0	0	44,4
15.01.2002	0	0	0	0	44,4
16.01.2002	0	0	0	0	44,4
17.01.2002	44,4	0	44,4	44,4	44,4
18.01.2002	0	0	0	0	44,4
21.01.2002	0	0	0	0	44,4
22.01.2002	44,5	0	45	43,6	45
23.01.2002	45,21	0	45,5	44,5	45,5
24.01.2002	46,41	0	46,5	46	46,4
25.01.2002	46,2	0	46,2	46,2	46,2
28.01.2002	0	0	0	0	46,2
29.01.2002	46,2	0	46,2	46,2	46,2
30.01.2002	46,5	0	46,5	46,5	46,5
31.01.2002	47,37	0	47,5	47,1	47,5
1.02.2002	47,27	0	47,6	47	47
4.02.2002	0	0	0	0	47
5.02.2002	47,22	0	47,7	47,1	47,2
6.02.2002	47,69	0	47,7	47,4	47,4
7.02.2002	47,5	0	47,5	47,5	47,5
8.02.2002	47,4	0	47,4	47,4	47,4
11.02.2002	47,63	0	47,7	47,4	47,5
12.02.2002	47,63	0	47,8	47,2	47,2
13.02.2002	47,89	0	48	47,1	47,7
14.02.2002	0	0	0	0	47,7
15.02.2002	48,03	0	48,4	48	48,4
18.02.2002	48	0	48	48	48
19.02.2002	48,07	0	48,49	48	48
20.02.2002	0	0	0	0	48
21.02.2002	0	0	0	0	48
22.02.2002	48,79	0	48,8	48	48,8
25.02.2002	3,13	0	3,13	3,13	3,13
26.02.2002	3,13	0	0	0	3,13
27.02.2002	3,13	0	0	0	3,13
28.02.2002	3,23	0	3,36	3,16	3,28
1.03.2002	3,33	0	3,35	3,32	3,35
4.03.2002	3,39	0	3,4	3,38	3,4
5.03.2002	3,39	0	3,4	3,39	3,39
6.03.2002	3,36	0	3,36	3,36	3,36
7.03.2002	3,4	0	3,4	3,33	3,4
8.03.2002	3,4	0	3,45	3,39	3,4
11.03.2002	3,49	0	3,55	3,45	3,55
12.03.2002	3,58	0	3,65	3,52	3,65
13.03.2002	3,66	0	3,75	3,61	3,61
14.03.2002	3,57	0	3,65	3,56	3,56
15.03.2002	3,64	0	3,67	3,61	3,61
18.03.2002	3,69	0	3,71	3,63	3,71
19.03.2002	3,44	0	0	0	3,71
20.03.2002	3,75	0	3,75	3,75	3,75
21.03.2002	3,45	0	0	0	3,75
22.03.2002	3,68	0	3,7	3,65	3,65
25.03.2002	3,71	0	3,74	3,56	3,74
26.03.2002	3,7	0	3,7	3,7	3,7
27.03.2002	3,72	0	3,8	3,72	3,8
2.04.2002	3,8	0	3,8	3,8	3,8
3.04.2002	3,78	0	3,78	3,78	3,78
4.04.2002	3,75	0	3,78	3,7	3,71
5.04.2002	3,8	0	3,8	3,78	3,8
8.04.2002	3,72	0	3,75	3,71	3,71
9.04.2002	3,74	0	3,75	3,74	3,74
10.04.2002	3,8	0	3,8	3,8	3,8
11.04.2002	3,8	0	3,85	3,8	3,82
12.04.2002	3,87	0	3,88	3,8	3,88
15.04.2002	3,89	0	3,9	3,88	3,9
16.04.2002	4	0	4	4	4
17.04.2002	4,1	0	4,12	4,07	4,1
18.04.2002	4,1	0	4,16	4,01	4,15
19.04.2002	4,09	0	4,14	4,09	4,09
22.04.2002	4,1	0	4,12	4,09	4,1
23.04.2002	3,83	0	3,85	3,79	3,79
24.04.2002	3,82	0	3,84	3,79	3,79
25.04.2002	0	0	0	0	3,79
26.04.2002	3,79	0	0	0	3,79
29.04.2002	3,77	0	3,79	3,74	3,79
30.04.2002	3,75	0	3,75	3,74	3,75
2.05.2002	3,75	0	3,76	3,75	3,76
3.05.2002	3,75	0	3,75	3,75	3,75
6.05.2002	0	0	0	0	3,75
7.05.2002	0	0	0	0	3,75
8.05.2002	3,92	0	3,95	3,9	3,95
9.05.2002	0	0	0	0	3,95
13.05.2002	3,83	0	3,84	3,83	3,84
14.05.2002	4	0	4	4	4
15.05.2002	3,96	0	3,96	3,96	3,96
16.05.2002	0	0	0	0	3,96
17.05.2002	3,97	0	3,99	3,95	3,95
20.05.2002	0	0	0	0	3,95
21.05.2002	3,99	0	3,99	3,99	3,99
22.05.2002	3,95	0	3,95	3,95	3,95
23.05.2002	0	0	0	0	3,95
24.05.2002	4	0	4	4	4
27.05.2002	3,96	0	3,99	3,95	3,95
28.05.2002	3,98	0	3,98	3,98	3,98
29.05.2002	4	0	0	0	3,98
30.05.2002	4	0	4	4	4
31.05.2002	4,01	0	4,01	4,01	4,01
3.06.2002	0	0	0	0	4,01
4.06.2002	3,96	0	4	3,95	4
5.06.2002	4,01	0	4,01	4,01	4,01
6.06.2002	4,03	0	4,09	4	4,09
7.06.2002	3,98	0	4,06	3,96	3,96
10.06.2002	4,08	0	4,08	4,08	4,08
11.06.2002	0	0	0	0	4,08
12.06.2002	4	0	4	4	4
13.06.2002	4,09	0	4,09	4,09	4,09
14.06.2002	4,09	0	4,09	4,09	4,09
17.06.2002	4,07	0	4,07	4,07	4,07
18.06.2002	0	0	0	0	4,07
19.06.2002	4,02	0	4,02	4,02	4,02
20.06.2002	4,01	0	4,01	4	4
21.06.2002	4,05	0	4,05	4,05	4,05
25.06.2002	4	0	4	4	4
26.06.2002	4,07	0	4,08	4	4,08
27.06.2002	4,18	0	4,2	4,04	4,2
28.06.2002	4,25	0	4,25	4,25	4,25
1.07.2002	4,25	0	4,25	4,25	4,25
2.07.2002	4,3	0	4,37	4,25	4,37
3.07.2002	4,31	0	4,4	4,29	4,29
4.07.2002	0	0	0	0	4,29
5.07.2002	4,29	0	4,4	4,27	4,4
8.07.2002	4,3	0	4,4	4,27	4,27
9.07.2002	4,44	0	4,5	4,4	4,5
10.07.2002	4,45	0	4,5	4,4	4,4
11.07.2002	0	0	0	0	4,4
12.07.2002	4,51	0	4,51	4,51	4,51
15.07.2002	4,6	0	4,6	4,6	4,6
16.07.2002	4,55	0	4,55	4,55	4,55
17.07.2002	4,51	0	4,6	4,5	4,5
18.07.2002	4,54	0	4,5	4,5	4,5
19.07.2002	4,36	0	4,38	4,36	4,37
22.07.2002	4,4	0	4,4	4,36	4,4
23.07.2002	4,41	0	4,44	4,4	4,41
24.07.2002	4,35	0	4,4	4,35	4,35
25.07.2002	4,35	0	4,35	4,35	4,35
26.07.2002	4,35	0	4,35	4,35	4,35
29.07.2002	4,35	0	4,35	4,35	4,35
30.07.2002	0	0	0	0	4,35
31.07.2002	4,35	0	4,35	4,34	4,35
1.08.2002	0	0	0	0	4,35
2.08.2002	4,35	0	4,35	4,35	4,35
5.08.2002	4,38	0	4,43	4,25	4,43
6.08.2002	0	0	0	0	4,43
7.08.2002	0	0	0	0	4,43
8.08.2002	4,44	0	4,49	4,44	4,44
9.08.2002	4,54	0	4,54	4,54	4,54
12.08.2002	0	0	0	0	4,54
13.08.2002	4,56	0	4,6	4,55	4,57
14.08.2002	4,57	0	4,58	4,5	4,58
15.08.2002	0	0	0	0	4,58
16.08.2002	4,6	0	4,6	4,6	4,6
19.08.2002	0	0	0	0	4,6
21.08.2002	4,6	0	4,6	4,6	4,6
22.08.2002	0	0	0	0	4,6
23.08.2002	4,65	0	4,7	4,6	4,6
26.08.2002	4,64	0	4,65	4,63	4,63
27.08.2002	0	0	0	0	4,63
28.08.2002	4,71	0	4,75	4,69	4,75
29.08.2002	4,75	0	4,75	4,75	4,75
30.08.2002	0	0	0	0	4,75
2.09.2002	4,8	0	4,85	4,7	4,83
3.09.2002	4,9	0	4,9	4,9	4,9
4.09.2002	4,76	0	4,9	4,75	4,8
5.09.2002	4,78	0	4,79	4,78	4,79
6.09.2002	4,79	0	4,79	4,79	4,79
9.09.2002	0	0	0	0	4,79
10.09.2002	0	0	0	0	4,79
11.09.2002	4,8	0	4,8	4,77	4,78
12.09.2002	4,82	0	4,89	4,77	4,89
13.09.2002	4,81	0	4,81	4,81	4,81
16.09.2002	4,79	0	4,8	4,79	4,79
17.09.2002	4,79	0	4,89	4,75	4,76
18.09.2002	4,75	0	4,85	4,75	4,75
19.09.2002	4,75	0	4,75	4,75	4,75
20.09.2002	0	0	0	0	4,75
23.09.2002	4,83	0	4,85	4,8	4,85
24.09.2002	4,85	0	4,85	4,85	4,85
25.09.2002	4,89	0	4,98	4,87	4,87
26.09.2002	0	0	0	0	4,87
27.09.2002	4,9	0	4,9	4,9	4,9
30.09.2002	4,85	0	0	0	4,9
1.10.2002	4,81	0	4,85	4,8	4,81
2.10.2002	4,85	0	4,9	4,8	4,8
3.10.2002	4,8	0	4,8	4,8	4,8
4.10.2002	4,79	0	4,79	4,79	4,79
7.10.2002	0	0	0	0	4,79
8.10.2002	4,79	0	4,79	4,79	4,79
9.10.2002	0	0	0	0	4,79
10.10.2002	4,75	0	4,75	4,75	4,75
11.10.2002	0	0	0	0	4,75
14.10.2002	0	0	0	0	4,75
15.10.2002	0	0	0	0	4,75
16.10.2002	4,84	0	4,84	4,84	4,84
17.10.2002	4,84	0	4,84	4,83	4,84
18.10.2002	4,85	0	4,85	4,85	4,85
21.10.2002	4,87	0	4,87	4,87	4,87
22.10.2002	0	0	0	0	4,87
23.10.2002	0	0	0	0	4,87
24.10.2002	0	0	0	0	4,87
25.10.2002	4,88	0	4,9	4,87	4,9
28.10.2002	4,95	0	4,95	4,95	4,95
29.10.2002	4,95	0	4,95	4,95	4,95
30.10.2002	4,9	0	4,9	4,9	4,9
31.10.2002	0	0	0	0	4,9
1.11.2002	4,82	0	4,95	4,82	4,82
4.11.2002	4,8	0	4,8	4,8	4,8
5.11.2002	5	0	5	5	5
6.11.2002	5,03	0	5,04	5	5,04
7.11.2002	5,05	0	5,05	5,05	5,05
8.11.2002	5,04	0	5,07	5,04	5,07
11.11.2002	5,06	0	5,06	5,06	5,06
12.11.2002	5,01	0	5,01	5,01	5,01
13.11.2002	5	0	5	5	5
14.11.2002	0	0	0	0	5
15.11.2002	0	0	0	0	5
18.11.2002	0	0	0	0	5
19.11.2002	0	0	0	0	5
20.11.2002	5,1	0	5,1	5,1	5,1
21.11.2002	5,03	0	5,03	5,03	5,03
22.11.2002	0	0	0	0	5,03
25.11.2002	0	0	0	0	5,03
26.11.2002	5,02	0	5,02	5	5,02
27.11.2002	5,14	0	5,15	5,1	5,15
28.11.2002	0	0	0	0	5,15
29.11.2002	5,02	0	5,03	5	5,03
2.12.2002	0	0	0	0	5,03
3.12.2002	5,04	0	5,12	5	5
4.12.2002	0	0	0	0	5
5.12.2002	5,15	0	5,15	5,15	5,15
6.12.2002	5,02	0	5,02	5,02	5,02
9.12.2002	0	0	0	0	5,02
10.12.2002	5,08	0	5,16	5,05	5,05
11.12.2002	5,01	0	5,15	5	5,15
12.12.2002	5	0	5,11	5	5,08
13.12.2002	5,06	0	5,09	5,05	5,05
16.12.2002	5,18	0	5,2	5,15	5,2
17.12.2002	5,21	0	5,21	5,19	5,19
18.12.2002	5,17	0	5,17	5,17	5,17
19.12.2002	5,16	0	5,17	5,15	5,15
20.12.2002	5,16	0	5,16	5,16	5,16
23.12.2002	5,25	0	5,25	5,25	5,25
24.12.2002	0	0	0	0	5,25
27.12.2002	0	0	0	0	5,25
30.12.2002	5,23	0	5,25	5,15	5,24
31.12.2002	5,25	0	5,3	5,15	5,3
2.01.2003	5,4	0	5,4	5,4	5,4
3.01.2003	5,29	0	5,6	5,15	5,6
6.01.2003	0	0	0	0	5,6
7.01.2003	0	0	0	0	5,6
8.01.2003	0	0	0	0	5,6
9.01.2003	5,59	0	5,59	5,59	5,59
10.01.2003	5,36	0	5,36	5,36	5,36
13.01.2003	0	0	0	0	5,36
14.01.2003	0	0	0	0	5,36
15.01.2003	0	0	0	0	5,36
16.01.2003	5,6	0	5,6	5,6	5,6
17.01.2003	5,5	0	5,5	5,5	5,5
20.01.2003	5,7	0	5,7	5,7	5,7
21.01.2003	5,31	0	5,31	5,31	5,31
22.01.2003	5,5	0	5,5	5,5	5,5
23.01.2003	5,53	0	5,6	5,5	5,6
24.01.2003	5,5	0	5,5	5,5	5,5
27.01.2003	5,51	0	5,6	5,5	5,6
28.01.2003	5,47	0	5,55	5,5	5,54
29.01.2003	0	0	0	0	5,54
30.01.2003	5,55	0	5,55	5,55	5,55
31.01.2003	5,52	0	5,52	5,52	5,52
3.02.2003	5,51	0	5,51	5,51	5,51
4.02.2003	0	0	0	0	5,51
5.02.2003	0	0	0	0	5,51
6.02.2003	0	0	0	0	5,51
7.02.2003	5,5	0	5,5	5,5	5,5
10.02.2003	5,5	0	5,5	5,5	5,5
11.02.2003	5,5	0	5,5	5,5	5,5
12.02.2003	5,41	0	5,51	5,4	5,4
13.02.2003	5,52	0	5,54	5,52	5,54
14.02.2003	5,5	0	5,5	5,5	5,5
17.02.2003	5,43	0	5,5	5,35	5,35
18.02.2003	0	0	0	0	5,35
19.02.2003	0	0	0	0	5,35
20.02.2003	5,54	0	5,54	5,54	5,54
21.02.2003	5,41	0	5,41	5,41	5,41
25.02.2003	0	0	0	0	5,41
26.02.2003	5,6	0	5,6	5,6	5,6
27.02.2003	5,4	0	5,4	5,35	5,35
28.02.2003	5,35	0	5,35	5,35	5,35
3.03.2003	0	0	0	0	5,35
4.03.2003	5,35	0	5,35	5,35	5,35
5.03.2003	0	0	0	0	5,35
6.03.2003	5,43	0	5,45	5,35	5,45
7.03.2003	5,5	0	5,5	5,5	5,5
10.03.2003	0	0	0	0	5,5
11.03.2003	5,36	0	5,45	5,35	5,35
12.03.2003	0	0	0	0	5,35
13.03.2003	5,5	0	5,5	5,5	5,5
14.03.2003	5,4	0	5,45	5,35	5,45
17.03.2003	5,4	0	5,4	5,4	5,4
18.03.2003	5,54	0	5,55	5,46	5,46
19.03.2003	5,35	0	5,35	5,35	5,35
20.03.2003	5,47	0	5,47	5,47	5,47
21.03.2003	0	0	0	0	5,47
24.03.2003	5,5	0	5,5	5,47	5,5
25.03.2003	5,45	0	5,45	5,45	5,45
26.03.2003	0	0	0	0	5,45
27.03.2003	5,35	0	5,35	5,35	5,35
28.03.2003	0	0	0	0	5,35
31.03.2003	0	0	0	0	5,35
1.04.2003	5,5	0	5,5	5,35	5,5
2.04.2003	0	0	0	0	5,5
3.04.2003	0	0	0	0	5,5
4.04.2003	0	0	0	0	5,5
7.04.2003	0	0	0	0	5,5
8.04.2003	0	0	0	0	5,5
9.04.2003	0	0	0	0	5,5
10.04.2003	5,55	0	5,55	5,46	5,46
11.04.2003	5,65	0	5,65	5,65	5,65
14.04.2003	5,5	0	5,5	5,5	5,5
15.04.2003	0	0	0	0	5,5
16.04.2003	0	0	0	0	5,5
17.04.2003	5,5	0	5,65	5,5	5,64
21.04.2003	5,36	0	5,41	5,35	5,41
22.04.2003	5,22	0	5,41	5,15	5,15
23.04.2003	5,15	0	5,15	5,15	5,15
24.04.2003	0	0	0	0	5,15
25.04.2003	5,24	0	5,32	5,15	5,32
28.04.2003	5,2	0	5,2	5,2	5,2
29.04.2003	5,23	0	5,25	5,21	5,21
30.04.2003	0	0	0	0	5,21
2.05.2003	5,3	0	5,3	5,3	5,3
5.05.2003	5,36	0	5,4	5,32	5,4
6.05.2003	5,44	0	5,46	5,4	5,46
7.05.2003	5,45	0	5,45	5,45	5,45
8.05.2003	5,51	0	5,6	5,46	5,6
9.05.2003	5,84	0	5,95	5,75	5,95
12.05.2003	6,01	0	6,01	6,01	6,01
13.05.2003	6,04	0	6,05	6	6,03
14.05.2003	6,03	0	6,1	6,01	6,1
15.05.2003	0	0	0	0	6,1
16.05.2003	6,27	0	6,4	6,19	6,4
19.05.2003	0	0	0	0	6,4
20.05.2003	6,22	0	6,22	6,22	6,22
21.05.2003	6,28	0	6,38	6,25	6,3
22.05.2003	6,43	0	6,43	6,43	6,43
23.05.2003	6,29	0	6,3	6,27	6,3
26.05.2003	6,29	0	6,3	6,29	6,3
27.05.2003	6,47	0	6,47	6,47	6,47
28.05.2003	0	0	0	0	6,47
29.05.2003	6,43	0	6,48	6,3	6,48
30.05.2003	6,4	0	6,4	6,4	6,4
2.06.2003	6,41	0	6,41	6,41	6,41
3.06.2003	6,64	0	6,75	6,54	6,75
4.06.2003	6,85	0	6,99	6,75	6,99
5.06.2003	7,2	0	7,2	7,19	7,19
6.06.2003	7,04	0	7,2	6,82	7,12
9.06.2003	7,04	0	7,1	7,01	7,01
10.06.2003	7,02	0	7,05	7	7,05
11.06.2003	7,1	0	7,1	7,09	7,09
12.06.2003	7	0	7,05	6,95	6,95
13.06.2003	6,97	0	7	6,95	6,95
16.06.2003	7,13	0	7,15	7,1	7,15
17.06.2003	7,05	0	7,05	7,05	7,05
18.06.2003	7,2	0	7,2	7,2	7,2
19.06.2003	7,27	0	7,3	7,24	7,3
20.06.2003	0	0	0	0	7,3
25.06.2003	7,27	0	7,3	7,2	7,29
26.06.2003	0	0	0	0	7,29
27.06.2003	7,26	0	7,3	7,2	7,3
30.06.2003	7,39	0	7,4	7,2	7,36
1.07.2003	0	0	0	0	7,36
2.07.2003	7,39	0	7,4	7,34	7,4
3.07.2003	7,49	0	7,5	7,4	7,5
4.07.2003	0	0	0	0	7,5
7.07.2003	7,5	0	7,5	7,5	7,5
8.07.2003	7,9	0	7,9	7,9	7,9
9.07.2003	0	0	0	0	7,9
10.07.2003	8	0	8	8	8
11.07.2003	7,52	0	7,52	7,52	7,52
14.07.2003	8	0	8	8	8
15.07.2003	7,93	0	8,2	7,67	7,8
16.07.2003	8	0	8	8	8
17.07.2003	0	0	0	0	8
18.07.2003	7,82	0	7,82	7,82	7,82
21.07.2003	0	0	0	0	7,82
22.07.2003	0	0	0	0	7,82
23.07.2003	0	0	0	0	7,82
24.07.2003	8,44	0	8,44	8,44	8,44
25.07.2003	8,01	0	8,01	8,01	8,01
28.07.2003	0	0	0	0	8,01
29.07.2003	0	0	0	0	8,01
30.07.2003	8,05	0	8,05	8,05	8,05
31.07.2003	8,11	0	8,13	8,1	8,11
1.08.2003	8,24	0	8,25	8,15	8,25
4.08.2003	8,37	0	8,37	8,37	8,37
5.08.2003	8,32	0	8,37	8,3	8,31
6.08.2003	8,91	0	9,2	8,5	9,2
7.08.2003	9,29	0	9,4	9,24	9,4
8.08.2003	9,84	0	9,95	9,6	9,95
11.08.2003	0	0	0	0	9,95
12.08.2003	10,87	0	10,9	10,85	10,89
13.08.2003	10,87	0	11	10,1	11
14.08.2003	11,09	0	11,54	11	11,19
15.08.2003	11,28	0	11,94	11,1	11,1
18.08.2003	0	0	0	0	11,1
19.08.2003	11,5	0	11,5	11,5	11,5
20.08.2003	0	0	0	0	11,5
21.08.2003	12,23	0	12,5	11,85	12,5
22.08.2003	12,63	0	12,8	12	12,5
25.08.2003	12,21	0	12,3	12,2	12,2
26.08.2003	12,49	0	12,5	12,45	12,5
27.08.2003	12,75	0	12,85	12,6	12,85
28.08.2003	12,84	0	12,9	12,6	12,6
29.08.2003	12,55	0	12,6	12,5	12,5
1.09.2003	12,25	0	12,49	12,25	12,35
2.09.2003	12,16	0	12,4	12,05	12,05
3.09.2003	11,63	0	12,46	11,55	11,55
4.09.2003	11,56	0	12,3	11,55	11,55
5.09.2003	11,98	0	12	11,88	11,88
8.09.2003	11,48	0	11,5	11,2	11,2
9.09.2003	11,67	0	11,85	11,25	11,25
10.09.2003	0	0	0	0	11,25
11.09.2003	11,47	0	11,5	11	11,5
12.09.2003	0	0	0	0	11,5
15.09.2003	11,11	0	11,25	11	11
16.09.2003	11	0	11,43	10,8	10,8
17.09.2003	11,03	0	11,24	10,75	11,2
18.09.2003	11,07	0	11,1	10,9	11,1
19.09.2003	10,66	0	10,99	10,02	10,99
22.09.2003	10,52	0	10,99	10,5	10,5
23.09.2003	10,6	0	11	10,4	10,4
24.09.2003	10,03	0	10,05	10	10
25.09.2003	9,54	0	9,6	9,5	9,5
26.09.2003	9,65	0	9,99	8,5	9,7
29.09.2003	9,77	0	9,8	9,76	9,8
30.09.2003	10,35	0	10,35	10,35	10,35
1.10.2003	10,16	0	10,35	10,01	10,01
2.10.2003	10,01	0	10,45	10	10,06
3.10.2003	0	0	0	0	10,06
6.10.2003	10,35	0	10,5	10,2	10,5
7.10.2003	0	0	0	0	10,5
8.10.2003	0	0	0	0	10,5
9.10.2003	0	0	0	0	10,5
10.10.2003	0	0	0	0	10,5
13.10.2003	10,4	0	10,4	10,4	10,4
14.10.2003	0	0	0	0	10,4
15.10.2003	0	0	0	0	10,4
16.10.2003	10,17	0	10,2	10	10
17.10.2003	0	0	0	0	10
20.10.2003	10,01	0	10,01	10,01	10,01
21.10.2003	10	0	10,01	10	10,01
22.10.2003	0	0	0	0	10,01
23.10.2003	0	0	0	0	10,01
24.10.2003	10,3	0	10,3	10,3	10,3
27.10.2003	10,16	0	10,16	10,16	10,16
28.10.2003	10	0	10,29	10	10,29
29.10.2003	10	0	10	10	10
30.10.2003	0	0	0	0	10
31.10.2003	10,24	0	10,24	10,24	10,24
3.11.2003	10,35	0	10,35	10,24	10,35
4.11.2003	10,3	0	10,39	10,23	10,39
5.11.2003	10,29	0	10,35	10,26	10,35
6.11.2003	10,35	0	10,35	10,35	10,35
7.11.2003	10,87	0	10,9	10,65	10,65
10.11.2003	11,08	0	11,18	10,65	11,15
11.11.2003	10,86	0	11,13	10,61	11
12.11.2003	11,18	0	11,18	11,18	11,18
13.11.2003	11,09	0	11,1	11,09	11,09
14.11.2003	11,12	0	11,12	11,12	11,12
17.11.2003	11,2	0	11,22	11,12	11,22
18.11.2003	11,22	0	11,22	11,22	11,22
19.11.2003	11,23	0	11,25	11,2	11,2
20.11.2003	11,43	0	11,48	11,4	11,48
21.11.2003	11,25	0	11,25	11,25	11,25
24.11.2003	11,75	0	12	11,49	12
25.11.2003	12	0	12	12	12
26.11.2003	0	0	0	0	12
27.11.2003	0	0	0	0	12
28.11.2003	0	0	0	0	12
1.12.2003	11,94	0	12	11,9	12
2.12.2003	11,75	0	11,75	11,75	11,75
3.12.2003	12	0	12	12	12
4.12.2003	12	0	12,1	12	12
5.12.2003	12,02	0	12,15	11,83	12,15
8.12.2003	11,75	0	12,15	11,65	11,65
9.12.2003	11,99	0	12,15	11,98	12,15
10.12.2003	11,99	0	12,2	11,9	12,2
11.12.2003	0	0	0	0	12,2
12.12.2003	11,9	0	11,9	11,9	11,9
15.12.2003	12,31	0	12,31	12,31	12,31
16.12.2003	12,3	0	12,35	12,3	12,3
17.12.2003	12,3	0	12,3	12,3	12,3
18.12.2003	12,3	0	12,3	12,1	12,3
19.12.2003	0	0	0	0	12,3
22.12.2003	12,1	0	12,11	12,06	12,06
23.12.2003	0	0	0	0	12,06
24.12.2003	12,4	0	12,4	12,4	12,4
29.12.2003	12,35	0	12,35	12,35	12,35
30.12.2003	12,15	0	12,35	12,1	12,2
31.12.2003	12,01	0	12,01	12,01	12,01
2.01.2004	12,2	0	12,4	12,1	12,1
5.01.2004	0	0	0	0	12,1
6.01.2004	12,45	0	12,45	12,45	12,45
7.01.2004	12,28	0	12,39	12,15	12,15
8.01.2004	0	0	0	0	12,15
9.01.2004	0	0	0	0	12,15
12.01.2004	0	0	0	0	12,15
13.01.2004	0	0	0	0	12,15
14.01.2004	12,01	0	12,1	12	12
15.01.2004	12,42	0	12,5	12,35	12,5
16.01.2004	12,41	0	12,54	12,4	12,54
19.01.2004	0	0	0	0	12,54
20.01.2004	12,8	0	12,8	12,8	12,8
21.01.2004	12,4	0	12,4	12,4	12,4
22.01.2004	12,64	0	12,8	12,4	12,8
23.01.2004	0	0	0	0	12,8
26.01.2004	12,61	0	12,8	12,5	12,65
27.01.2004	12,86	0	12,9	12,8	12,9
28.01.2004	12,85	0	12,85	12,85	12,85
29.01.2004	12,85	0	12,85	12,85	12,85
30.01.2004	13	0	13,2	12,85	13,2
2.02.2004	13	0	13	13	13
3.02.2004	0	0	0	0	13
4.02.2004	0	0	0	0	13
5.02.2004	13	0	13	13	13
6.02.2004	13	0	13	13	13
9.02.2004	13,4	0	13,4	13,4	13,4
10.02.2004	13,35	0	13,35	13,35	13,35
11.02.2004	13,4	0	13,4	13,4	13,4
12.02.2004	13	0	13	13	13
13.02.2004	13,07	0	13,35	13	13,35
16.02.2004	0	0	0	0	13,35
17.02.2004	13,22	0	13,25	12,92	13,25
18.02.2004	0	0	0	0	13,25
19.02.2004	0	0	0	0	13,25
20.02.2004	0	0	0	0	13,25
23.02.2004	0	0	0	0	13,25
25.02.2004	13,15	0	13,15	13,15	13,15
26.02.2004	13,34	0	13,4	13,16	13,4
27.02.2004	14,02	0	14,5	13,16	14,5
1.03.2004	13,71	0	14,4	13,42	14,4
2.03.2004	0	0	0	0	14,4
3.03.2004	0	0	0	0	14,4
4.03.2004	0	0	0	0	14,4
5.03.2004	13,62	0	14	13,6	13,6
8.03.2004	13,91	0	14	13,6	14
9.03.2004	14,02	0	14,2	14	14,2
10.03.2004	14,02	0	14,2	14	14
11.03.2004	14	0	14	14	14
12.03.2004	14,35	0	14,45	14	14,45
15.03.2004	13,95	0	14	13,8	13,97
16.03.2004	13,9	0	13,9	13,9	13,9
17.03.2004	14,07	0	14,22	14,01	14,01
18.03.2004	14,04	0	14,05	14,03	14,05
19.03.2004	0	0	0	0	14,05
22.03.2004	0	0	0	0	14,05
23.03.2004	0	0	0	0	14,05
24.03.2004	0	0	0	0	14,05
25.03.2004	0	0	0	0	14,05
26.03.2004	14,5	0	14,5	14,49	14,5
29.03.2004	14,5	0	14,5	14,5	14,5
30.03.2004	14,5	0	14,5	14,5	14,5
31.03.2004	0	0	0	0	14,5
1.04.2004	14,55	0	14,55	14,55	14,55
2.04.2004	15,01	0	15,03	14,98	15
5.04.2004	0	0	0	0	15
6.04.2004	14,81	0	15,1	14,6	14,6
7.04.2004	15,35	0	15,5	15	15
8.04.2004	0	0	0	0	15
12.04.2004	0	0	0	0	15
13.04.2004	14,85	0	14,85	14,85	14,85
14.04.2004	0	0	0	0	14,85
15.04.2004	15,48	0	15,49	14,6	14,6
16.04.2004	15,1	0	15,5	14,6	15,5
19.04.2004	14,96	0	14,96	14,96	14,96
20.04.2004	15,09	0	15,1	15	15,1
21.04.2004	0	0	0	0	15,1
22.04.2004	0	0	0	0	15,1
23.04.2004	0	0	0	0	15,1
26.04.2004	15,1	0	15,1	15,1	15,1
27.04.2004	14,89	0	14,89	14,89	14,89
28.04.2004	14,6	0	14,6	14,6	14,6
29.04.2004	14,6	0	14,7	14,5	14,5
30.04.2004	0	0	0	0	14,5
3.05.2004	14,3	0	14,3	14,3	14,3
4.05.2004	0	0	0	0	14,3
5.05.2004	14,32	0	14,32	14,32	14,32
6.05.2004	14,34	0	14,57	14,32	14,56
7.05.2004	14,01	0	14,01	14,01	14,01
10.05.2004	0	0	0	0	14,01
11.05.2004	14,02	0	14,02	14,01	14,02
12.05.2004	14,58	0	15	14,01	14,05
13.05.2004	0	0	0	0	14,05
14.05.2004	14,6	0	14,64	14,31	14,64
17.05.2004	14,4	0	14,4	14,4	14,4
18.05.2004	0	0	0	0	14,4
19.05.2004	14,5	0	14,68	14,5	14,68
20.05.2004	0	0	0	0	14,68
21.05.2004	14,16	0	14,16	14,16	14,16
24.05.2004	0	0	0	0	14,16
25.05.2004	14,49	0	14,49	14,49	14,49
26.05.2004	14,5	0	14,5	14,5	14,5
27.05.2004	14,5	0	14,5	14,5	14,5
28.05.2004	0	0	0	0	14,5
31.05.2004	0	0	0	0	14,5
1.06.2004	0	0	0	0	14,5
2.06.2004	0	0	0	0	14,5
3.06.2004	14,4	0	14,4	14,4	14,4
4.06.2004	14,12	0	14,12	14,12	14,12
7.06.2004	0	0	0	0	14,12
8.06.2004	14,4	0	14,4	14,4	14,4
9.06.2004	14,05	0	14,05	14,05	14,05
10.06.2004	14,05	0	14,05	14	14,03
11.06.2004	14,01	0	14,01	14	14,01
14.06.2004	14,13	0	14,13	14,01	14,13
15.06.2004	14,07	0	14,39	14,05	14,05
16.06.2004	0	0	0	0	14,05
17.06.2004	0	0	0	0	14,05
18.06.2004	0	0	0	0	14,05
21.06.2004	0	0	0	0	14,05
22.06.2004	14,38	0	14,38	14,38	14,38
25.06.2004	0	0	0	0	14,38
28.06.2004	14,38	0	14,38	14,38	14,38
29.06.2004	14,39	0	14,39	14,39	14,39
30.06.2004	14,1	0	14,4	14	14,4
1.07.2004	0	0	0	0	14,4
2.07.2004	14,38	0	14,38	14,37	14,37
5.07.2004	0	0	0	0	14,37
6.07.2004	0	0	0	0	14,37
7.07.2004	0	0	0	0	14,37
8.07.2004	14,32	0	14,39	14,3	14,3
9.07.2004	14,4	0	14,4	14,38	14,4
12.07.2004	14,4	0	14,4	14,4	14,4
13.07.2004	14,36	0	14,4	14,31	14,31
14.07.2004	14,5	0	14,7	14,35	14,7
15.07.2004	14,35	0	14,35	14,35	14,35
16.07.2004	0	0	0	0	14,35
19.07.2004	0	0	0	0	14,35
20.07.2004	0	0	0	0	14,35
21.07.2004	14,3	0	14,32	14,3	14,3
22.07.2004	14,25	0	14,25	14,25	14,25
23.07.2004	0	0	0	0	14,25
26.07.2004	0	0	0	0	14,25
27.07.2004	14,2	0	14,21	14,2	14,2
28.07.2004	0	0	0	0	14,2
29.07.2004	0	0	0	0	14,2
30.07.2004	0	0	0	0	14,2
2.08.2004	0	0	0	0	14,2
3.08.2004	0	0	0	0	14,2
4.08.2004	14,59	0	14,59	14,59	14,59
5.08.2004	0	0	0	0	14,59
6.08.2004	14,18	0	14,18	14,18	14,18
9.08.2004	14,31	0	14,31	14,31	14,31
10.08.2004	14,25	0	14,3	14,2	14,2
11.08.2004	0	0	0	0	14,2
12.08.2004	14,11	0	14,11	14,1	14,1
13.08.2004	0	0	0	0	14,1
16.08.2004	0	0	0	0	14,1
17.08.2004	14,18	0	14,18	14,18	14,18
18.08.2004	0	0	0	0	14,18
19.08.2004	14,38	0	14,38	14,38	14,38
23.08.2004	14,41	0	14,41	14,41	14,41
24.08.2004	0	0	0	0	14,41
25.08.2004	0	0	0	0	14,41
26.08.2004	14,32	0	14,32	14,32	14,32
27.08.2004	14,35	0	14,35	14,35	14,35
30.08.2004	14,41	0	14,41	14,41	14,41
31.08.2004	0	0	0	0	14,41
1.09.2004	14,37	0	14,5	14,35	14,35
2.09.2004	0	0	0	0	14,35
3.09.2004	14,24	0	14,3	14,16	14,16
6.09.2004	14,5	0	14,5	14,5	14,5
7.09.2004	14,34	0	14,35	14,21	14,35
8.09.2004	14,2	0	14,2	14,2	14,2
9.09.2004	14,42	0	14,43	14,11	14,43
10.09.2004	14,1	0	14,1	14,1	14,1
13.09.2004	0	0	0	0	14,1
14.09.2004	14,11	0	14,11	14,11	14,11
15.09.2004	0	0	0	0	14,11
16.09.2004	0	0	0	0	14,11
17.09.2004	14,19	0	14,19	14,19	14,19
20.09.2004	14,13	0	14,2	14,11	14,11
21.09.2004	0	0	0	0	14,11
22.09.2004	14,12	0	14,35	14,11	14,11
23.09.2004	0	0	0	0	14,11
24.09.2004	14,11	0	14,11	14,11	14,11
27.09.2004	0	0	0	0	14,11
28.09.2004	14,1	0	14,1	14,1	14,11
29.09.2004	0	0	0	0	14,1
30.09.2004	14,06	0	14,06	14,06	14,1
1.10.2004	0	0	0	0	14,06
4.10.2004	14,06	0	14,06	14,06	14,06
5.10.2004	14,05	0	14,05	14,05	14,06
6.10.2004	14,06	0	14,06	14,06	14,05
7.10.2004	14,34	0	14,34	14,34	14,06
8.10.2004	14,01	0	14,07	13,9	14,34
11.10.2004	14	0	14	14	14
12.10.2004	14	0	14	14	14
13.10.2004	0	0	0	0	14
14.10.2004	0	0	0	0	14
15.10.2004	0	0	0	0	14
18.10.2004	14	0	14	14	14
19.10.2004	0	0	0	0	14
20.10.2004	0	0	0	0	14
21.10.2004	13,95	0	13,95	13,95	14
22.10.2004	14	0	14	13,9	13,95
25.10.2004	14	0	14	14	13,9
26.10.2004	13,91	0	14	13,91	14
27.10.2004	0	0	0	0	13,91
28.10.2004	0	0	0	0	13,91
29.10.2004	13,81	0	13,9	13,8	13,91
1.11.2004	0	0	0	0	13,8
2.11.2004	13,9	0	13,9	13,9	13,8
3.11.2004	0	0	0	0	13,9
4.11.2004	0	0	0	0	13,9
5.11.2004	0	0	0	0	13,9
8.11.2004	0	0	0	0	13,9
9.11.2004	14,07	0	14,14	14	13,9
10.11.2004	13,81	0	14	13,5	14
11.11.2004	0	0	0	0	14
12.11.2004	14	0	14,05	14	14
15.11.2004	0	0	0	0	14
16.11.2004	0	0	0	0	14
17.11.2004	0	0	0	0	14
18.11.2004	13,97	0	14	13,9	14
19.11.2004	13,98	0	14	13,9	13,99
22.11.2004	0	0	0	0	13,9
23.11.2004	0	0	0	0	13,9
24.11.2004	13,96	0	14,1	13,95	13,9
25.11.2004	14,1	0	14,1	14,1	13,95
26.11.2004	14,37	0	14,5	14,1	14,1
29.11.2004	14,6	0	14,6	14,55	14,5
30.11.2004	15	0	15	14,99	14,6
1.12.2004	15,44	0	15,95	15,35	15
2.12.2004	15,96	0	16,1	15,6	15,6
3.12.2004	16,05	0	16,1	15,98	16
6.12.2004	16	0	16	15,98	15,98
7.12.2004	16	0	16,1	15,82	15,98
8.12.2004	16,56	0	17	16,1	16,1
9.12.2004	17,14	0	17,23	17,05	17
10.12.2004	17,25	0	17,3	17,23	17,15
13.12.2004	17,27	0	17,3	17,2	17,25
14.12.2004	17,39	0	17,65	17,3	17,3
15.12.2004	17,79	0	18	17,55	17,64
16.12.2004	18	0	18,25	17,95	18
17.12.2004	18,1	18,27	18,27	18,01	18,25
20.12.2004	18,34	0	18,37	18,29	18,27
21.12.2004	18,5	0	18,54	18,41	18,37
22.12.2004	18,55	0	18,58	18,5	18,5
23.12.2004	18,74	0	18,76	18,6	18,55
24.12.2004	19	0	19	18,8	18,75
27.12.2004	18,97	0	19	18,8	18,99
28.12.2004	19,13	0	19,2	18,99	18,8
29.12.2004	19,45	0	19,45	19,45	19,2
30.12.2004	19,44	0	19,45	19,44	19,45
31.12.2004	0	0	0	0	19,44
3.01.2005	19,26	19,44	19,44	19,21	19,44
4.01.2005	19,23	19,2	19,45	19,2	19,42
5.01.2005	19,46	19,6	19,6	19,41	19,45
6.01.2005	19,5	19,45	19,75	19,45	19,45
7.01.2005	19,7	19,7	19,7	19,7	19,75
10.01.2005	19,75	19,75	19,75	19,74	19,7
11.01.2005	19,73	19,79	19,79	19,7	19,74
12.01.2005	19,78	19,8	19,8	19,76	19,73
13.01.2005	19,7	19,7	19,7	19,7	19,76
14.01.2005	19,71	19,94	19,94	19,6	19,7
17.01.2005	19,61	19,6	19,84	19,6	19,6
18.01.2005	19,6	19,84	19,84	19,6	19,62
19.01.2005	19,75	19,69	20	19,69	19,73
20.01.2005	19,88	19,61	20	19,61	20
21.01.2005	19,8	19,8	19,8	19,8	20
24.01.2005	19,76	19,75	19,98	19,75	19,8
25.01.2005	19,81	19,99	19,99	19,8	19,98
26.01.2005	19,8	19,8	19,8	19,76	19,8
27.01.2005	19,96	19,98	19,98	19,94	19,76
28.01.2005	19,9	19,9	19,9	19,9	19,94
31.01.2005	19,91	19,9	19,94	19,9	19,9
1.02.2005	19,99	19,9	20	19,9	19,93
2.02.2005	20	20	20	20	20
3.02.2005	20	20	20,05	20	20
4.02.2005	20,17	20	20,5	20	20,05
7.02.2005	20,47	20,47	20,48	20,45	20,2
8.02.2005	20,28	20,26	20,3	20,26	20,45
9.02.2005	20,44	20,25	20,49	20,25	20,3
10.02.2005	20,47	20,45	20,89	20,45	20,45
11.02.2005	20,99	20,95	21	20,95	20,89
14.02.2005	21,09	21,35	21,5	21	21
15.02.2005	21,5	21,5	21,5	21,5	21,5
16.02.2005	22,29	21,7	22,5	21,7	21,5
17.02.2005	22,38	22,3	22,5	22,22	22,3
18.02.2005	22,78	22,5	23,5	22,5	22,5
21.02.2005	24,01	24,2	24,2	23,75	23,5
22.02.2005	24,18	24,17	24,18	23,9	24,18
23.02.2005	23,95	24	24	23,9	23,9
24.02.2005	0	23,9	0	0	23,9
25.02.2005	23,98	24	24,2	23,8	23,9
28.02.2005	24	24	24	24	24,2
1.03.2005	24,38	24,41	24,59	24,2	24
2.03.2005	0	24,26	0	0	24,26
3.03.2005	23,8	24	24	23,8	24,26
4.03.2005	25,73	24,2	26,75	24,1	23,8
7.03.2005	27,49	26,99	28	26,99	26,6
8.03.2005	27,58	28	28,25	27,5	27,99
9.03.2005	28,87	28,5	29,05	28,5	28
10.03.2005	28,67	29	29	28,5	29
11.03.2005	28,87	28,25	29	28,25	28,75
14.03.2005	28,26	28,25	28,99	28	28,75
15.03.2005	28,21	29	29	28,2	28,8
16.03.2005	27,94	28,2	28,2	27,5	28,2
17.03.2005	26,7	27,8	27,8	26	27,51
18.03.2005	26,38	26	26,5	26	26
21.03.2005	27,01	27	27,45	26,99	26,5
22.03.2005	26,8	26,8	26,8	26,8	26,99
23.03.2005	27	27,89	27,9	26,01	26,8
24.03.2005	28,23	27,5	29	27,5	27,5
28.03.2005	30,06	29	30,5	28,8	29
29.03.2005	30,34	30,5	30,5	30	30,4
30.03.2005	30,41	30,4	30,9	29,75	30,45
31.03.2005	30,47	30,44	30,7	30,2	30,43
1.04.2005	30,46	30,95	30,95	30,3	30,2
4.04.2005	30,55	30,8	30,8	30,5	30,3
5.04.2005	31,34	31	31,5	31	30,64
6.04.2005	32,34	31,9	33,05	31,8	31,5
7.04.2005	32,91	32,51	33	32,5	32,5
8.04.2005	33,05	32,94	34	32,7	32,75
11.04.2005	34,02	33,9	34,5	33,9	33,6
12.04.2005	34,95	34,5	35	34,5	34,4
13.04.2005	35,17	35,45	35,45	35	34,99
14.04.2005	34,46	35,1	35,2	34	35
15.04.2005	32,02	33,1	33,1	30	34
18.04.2005	32,05	32,1	32,15	31,51	32
19.04.2005	31,81	31,6	32	31,6	31,89
20.04.2005	31,93	32	32	31,7	31,7
21.04.2005	31,89	31,9	31,9	31,81	31,8
22.04.2005	31,95	31,9	31,99	31,9	31,9
25.04.2005	32,02	31,98	32,1	31,98	31,98
26.04.2005	31,96	32	32	31,66	31,98
27.04.2005	31,64	31,85	31,85	31,6	31,66
28.04.2005	31,58	31,85	31,85	31,5	31,6
29.04.2005	31,52	31,5	31,75	31,5	31,5
2.05.2005	32,18	31,85	32,45	31,85	31,7
3.05.2005	31,89	32,4	32,4	31,8	32,4
4.05.2005	31,98	31,89	32	31,89	31,8
5.05.2005	32	32	32,32	31,76	31,99
6.05.2005	15,96	15,98	16	15,94	32,32
9.05.2005	16,26	16,1	16,45	16,1	15,95
10.05.2005	17,12	16,5	17,39	16,5	16,43
11.05.2005	17,23	17,49	17,5	17	17,21
12.05.2005	17,09	17,14	17,18	16,8	17
13.05.2005	17,03	17,1	17,1	16,95	17,15
16.05.2005	16,97	16,99	17	16,87	16,98
17.05.2005	17,1	17	17,13	17	17
18.05.2005	16,95	16,77	16,95	16,77	17,13
19.05.2005	16,91	17	17	16,75	16,95
20.05.2005	16,82	16,81	16,9	16,81	16,94
23.05.2005	15,91	16,72	16,72	15,5	16,9
24.05.2005	15,05	15,5	15,6	14,85	15,6
25.05.2005	15,03	15,02	15,18	14,9	15
26.05.2005	15,13	15,1	15,2	14,91	15,1
27.05.2005	15,29	15,15	15,4	15,15	15,15
30.05.2005	15,42	15,4	15,6	15,4	15,35
31.05.2005	15,68	15,7	15,75	15,5	15,59
1.06.2005	15,46	15,75	15,75	15,43	15,55
2.06.2005	15,58	15,4	15,65	15,4	15,43
3.06.2005	15,35	15,35	15,59	15,35	15,6
6.06.2005	15,59	15,59	15,59	15,57	15,59
7.06.2005	15,4	15,4	15,41	15,4	15,57
8.06.2005	15,49	15,49	15,49	15,49	15,4
9.06.2005	15,48	15,35	15,5	15,35	15,49
10.06.2005	15,54	15,54	15,54	15,54	15,5
13.06.2005	15,37	15,45	15,45	15,2	15,54
14.06.2005	15,08	15,15	15,15	14,86	15,21
15.06.2005	14,77	15,1	15,1	14,6	15,05
16.06.2005	14,55	14,4	14,85	14,4	14,6
17.06.2005	15,01	15,05	15,05	14,95	14,85
20.06.2005	15,08	15,2	15,25	15	14,95
21.06.2005	15	15	15	15	15
22.06.2005	15	15	15	15	15
23.06.2005	0	15	0	0	15
27.06.2005	15,1	15,18	15,18	15	15
28.06.2005	15,09	15,08	15,19	14,97	15,1
29.06.2005	15,05	15,15	15,15	15,05	15,15
30.06.2005	15,04	15	15,05	15	15,05
1.07.2005	15,04	15,04	15,05	15,04	15,05
4.07.2005	15,04	15,05	15,09	15	15,04
5.07.2005	15	15	15	15	15
6.07.2005	15,04	15,03	15,05	14,9	15
7.07.2005	0	15,05	0	0	15,05
8.07.2005	14,95	14,95	14,95	14,95	15,05
11.07.2005	14,87	14,93	14,93	14,85	14,95
12.07.2005	14,8	14,86	14,86	14,77	14,92
13.07.2005	14,9	14,9	14,9	14,9	14,8
14.07.2005	14,66	14,66	14,89	14,6	14,9
15.07.2005	14,57	14,8	14,8	14,4	14,8
18.07.2005	14,06	14,49	14,49	13,51	14,4
19.07.2005	14,12	13,61	14,3	13,61	13,51
20.07.2005	14,57	14,49	14,65	14,35	14,3
21.07.2005	15	14,75	15	14,75	14,65
22.07.2005	14,9	14,87	14,97	14,87	14,85
25.07.2005	14,9	14,8	14,94	14,8	14,9
26.07.2005	0	14,9	0	0	14,9
27.07.2005	14,83	14,86	14,94	14,7	14,9
28.07.2005	14,61	14,82	14,82	14,6	14,7
29.07.2005	14,7	14,7	14,7	14,7	14,6
1.08.2005	14,81	14,84	14,84	14,8	14,7
2.08.2005	14,85	14,85	14,85	14,85	14,8
3.08.2005	14,9	14,9	14,9	14,88	14,85
4.08.2005	14,82	14,9	14,9	14,79	14,88
5.08.2005	14,71	14,85	14,85	14,58	14,79
8.08.2005	14,57	14,6	14,61	14,56	14,58
9.08.2005	14,83	14,72	14,9	14,67	14,56
10.08.2005	14,69	14,66	14,7	14,65	14,75
11.08.2005	14,72	14,8	14,8	14,68	14,67
12.08.2005	15,25	15,04	15,8	15,04	14,68
15.08.2005	15,08	15,28	15,29	15	15,24
16.08.2005	14,86	15	15,05	14,7	15,03
17.08.2005	14,86	14,98	14,98	14,72	14,8
18.08.2005	14,95	14,95	14,95	14,94	14,85
19.08.2005	14,72	14,89	14,89	14,7	14,95
22.08.2005	14,7	14,7	14,7	14,7	14,85
23.08.2005	14,84	14,87	14,87	14,72	14,7
24.08.2005	14,85	14,86	14,87	14,7	14,87
25.08.2005	14,85	14,76	14,88	14,76	14,87
26.08.2005	14,89	14,85	14,91	14,8	14,79
29.08.2005	14,95	14,9	15,1	14,9	14,91
30.08.2005	15,1	15,1	15,1	15,1	15,05
31.08.2005	15,09	15,05	15,2	15,05	15,1
1.09.2005	15,34	15,19	15,5	15,19	15,1
2.09.2005	15,77	15,5	16	15,5	15,5
5.09.2005	16,1	15,95	16,19	15,95	15,9
6.09.2005	16,37	16,23	16,5	16,23	16,19
7.09.2005	16,59	16,55	16,72	16,4	16,49
8.09.2005	16,68	16,74	16,78	16,6	16,63
9.09.2005	16,79	16,91	17	16,7	16,74
12.09.2005	16,86	16,55	17	16,55	16,7
13.09.2005	17,11	17,02	17,35	17,02	17
14.09.2005	17,3	17,25	17,5	17,21	17,1
15.09.2005	17,51	17,45	17,55	17,4	17,38
16.09.2005	17,6	17,5	17,7	17,4	17,5
19.09.2005	17,91	17,85	17,99	17,7	17,63
20.09.2005	18,03	17,99	18,1	17,99	17,97
21.09.2005	18,22	18,23	18,25	18,15	18,1
22.09.2005	18,51	18,35	18,75	18,35	18,25
23.09.2005	19,14	18,94	19,5	18,94	18,52
26.09.2005	19,03	19,74	19,75	18,75	19,2
27.09.2005	18,76	18,6	19	18,6	18,77
28.09.2005	19,13	19,2	19,2	18,9	19
29.09.2005	19,07	19,15	19,15	19,05	18,9
30.09.2005	19,02	19,01	19,2	18,9	19,1
3.10.2005	19,2	19,19	19,2	19,18	19
4.10.2005	19,45	19,4	19,75	19,4	19,2
5.10.2005	19,42	19,45	19,45	19,31	19,45
6.10.2005	19,39	19,3	19,45	19,3	19,31
7.10.2005	19,51	19,55	19,75	19,35	19,45
10.10.2005	19,94	19,6	19,99	19,6	19,5
11.10.2005	20,44	20	20,5	19,9	19,99
12.10.2005	20,5	20,5	20,5	20,32	20,2
13.10.2005	20,59	20,5	20,8	20,3	20,32
14.10.2005	20,69	20,75	20,9	20,6	20,7
17.10.2005	20,53	20,55	20,56	20,35	20,67
18.10.2005	20,18	20,38	20,38	19,9	20,35
19.10.2005	19,97	20,25	20,25	19,85	19,96
20.10.2005	19,84	19,9	19,9	19,8	19,85
21.10.2005	19,63	19,75	19,75	19,4	19,85
24.10.2005	18,99	19,15	19,16	18,9	19,4
25.10.2005	19	18,85	19,08	18,85	18,91
26.10.2005	19,05	19,04	19,05	19,03	19,04
27.10.2005	19,05	19,03	19,05	19,02	19,03
28.10.2005	19,03	19,03	19,05	18,91	19,05
31.10.2005	18,83	18,98	18,98	18,6	19
1.11.2005	18,73	18,75	18,9	18,73	18,8
2.11.2005	18,57	18,7	18,75	18,56	18,73
3.11.2005	18,86	18,56	18,94	18,56	18,56
4.11.2005	19,07	18,86	19,25	18,86	18,9
7.11.2005	19,24	19,25	19,25	19,22	19,2
8.11.2005	19,21	19,16	19,25	19,15	19,23
9.11.2005	19,23	19,2	19,25	19,17	19,2
10.11.2005	19,2	19,22	19,22	19,18	19,17
11.11.2005	19,22	19,25	19,25	19,1	19,22
14.11.2005	20,09	20	20,8	19,5	19,2
15.11.2005	20,07	20,18	20,35	19,8	20,1
16.11.2005	19,26	19,56	20	18,8	19,8
17.11.2005	18,84	19	19,08	18,6	18,95
18.11.2005	19,06	19,2	19,2	19	19
21.11.2005	18,02	18,95	18,95	17,25	19
22.11.2005	18,04	17,95	18,4	17,6	18
23.11.2005	18,43	18,44	18,47	18,15	18,1
24.11.2005	18,67	18,68	18,74	18,6	18,47
25.11.2005	18,81	18,99	19	18,77	18,65
28.11.2005	18,98	18,99	19	18,8	18,77
29.11.2005	18,82	18,85	18,85	18,8	18,86
30.11.2005	18,95	18,85	19	18,5	18,85
1.12.2005	19	19	19	18,99	19
2.12.2005	19	19	19	19	19
5.12.2005	18,84	19	19	18,7	19
6.12.2005	18,72	18,71	18,98	18,7	18,7
7.12.2005	18,78	18,97	18,97	18,68	18,97
8.12.2005	18,65	18,8	18,8	18,6	18,9
9.12.2005	18,6	18,65	18,65	18,55	18,65
12.12.2005	18,54	18,6	18,68	18,4	18,55
13.12.2005	18,49	18,5	18,5	18,4	18,4
14.12.2005	18,39	18,45	18,45	18,3	18,5
15.12.2005	18,33	18,5	18,5	18,06	18,37
16.12.2005	18,35	18,3	18,48	18,25	18,44
19.12.2005	18,04	18,25	18,25	18	18,44
20.12.2005	17,93	17,96	17,96	17,9	18
21.12.2005	17,64	17,92	17,92	17,5	17,91
22.12.2005	17,61	17,56	17,89	17,5	17,9
23.12.2005	17,52	17,75	17,75	17,35	17,55
27.12.2005	17,5	17,25	17,58	17,25	17,62
28.12.2005	17,52	17,55	17,55	17,45	17,55
29.12.2005	17,51	17,5	17,55	17,43	17,45
30.12.2005	17,35	17,39	17,39	17,25	17,43
2.01.2006	17,12	17,15	17,3	17	17,25
3.01.2006	17,45	17,42	17,5	17,25	17,07
4.01.2006	17,57	17,5	17,65	17,5	17,5
5.01.2006	17,94	17,66	18,15	17,66	17,65
6.01.2006	18,09	18	18,11	17,9	17,9
9.01.2006	18,17	18,1	18,23	18,1	18,1
10.01.2006	18,18	18,19	18,28	18,1	18,19
11.01.2006	17,95	18,15	18,15	17,85	18,1
12.01.2006	17,92	17,95	18	17,86	18
13.01.2006	18,01	18,1	18,1	17,98	17,86
16.01.2006	18,18	18,1	18,2	18,1	18,1
17.01.2006	18,17	18,15	18,2	18,08	18,15
18.01.2006	17,96	18,08	18,08	17,93	18,14
19.01.2006	18,03	18,05	18,05	17,95	18
20.01.2006	17,81	17,75	17,99	17,5	17,95
23.01.2006	17,69	17,75	17,95	17,52	17,95
24.01.2006	17,68	17,61	17,75	17,56	17,65
25.01.2006	17,68	17,9	17,9	17,64	17,75
26.01.2006	17,55	17,7	17,7	17,55	17,64
27.01.2006	17,57	17,58	17,7	17,55	17,65
30.01.2006	17,58	17,69	17,69	17,55	17,55
31.01.2006	17,65	17,65	17,68	17,63	17,6
1.02.2006	17,7	17,69	17,8	17,69	17,65
2.02.2006	17,92	17,9	17,99	17,9	17,8
3.02.2006	17,72	17,94	17,94	17,5	17,9
6.02.2006	17,78	17,8	17,8	17,6	17,5
7.02.2006	17,84	17,85	17,91	17,75	17,7
8.02.2006	17,7	17,7	17,75	17,7	17,75
9.02.2006	17,79	17,7	17,8	17,7	17,7
10.02.2006	17,58	17,7	17,7	17,5	17,75
13.02.2006	17,57	17,6	17,65	17,5	17,55
14.02.2006	17,38	17,5	17,51	17,05	17,5
15.02.2006	17,37	17,25	17,4	17,25	17,15
16.02.2006	17,04	17,2	17,2	17	17,32
17.02.2006	16,99	17,01	17,02	16,81	17
20.02.2006	17,08	16,95	17,1	16,95	17
21.02.2006	16,79	16,9	16,9	16,61	16,95
22.02.2006	16,71	17,24	17,24	16,62	16,7
23.02.2006	16,74	16,99	16,99	16,7	16,71
24.02.2006	0	16,71	0	0	16,71
27.02.2006	16,91	16,78	17,3	16,75	16,71
28.02.2006	16,95	16,78	17	16,77	16,76
1.03.2006	17	17	17	17	17
2.03.2006	16,9	16,95	16,95	16,78	17
3.03.2006	17	16,99	17	16,99	16,9
6.03.2006	16,79	16,99	16,99	16,76	17
7.03.2006	16,77	16,76	16,8	16,76	16,8
8.03.2006	16,68	16,85	16,85	16,6	16,8
9.03.2006	16,62	16,69	16,7	16,46	16,6
10.03.2006	16,01	16,3	16,3	15,8	16,46
13.03.2006	16,13	16,2	16,2	16	16,06
14.03.2006	16,15	16,25	16,25	16,15	16,16
15.03.2006	15,99	16,02	16,1	15,85	16,16
16.03.2006	15,97	16	16	15,7	15,95
17.03.2006	15,61	15,6	15,63	15,6	15,8
20.03.2006	15,45	15,5	15,55	15,26	15,61
21.03.2006	15,53	15,49	15,7	15,45	15,4
22.03.2006	15,73	15,75	15,85	15,55	15,6
23.03.2006	16,21	15,9	16,5	15,9	15,73
24.03.2006	16,4	16,35	16,5	16,2	16,23
27.03.2006	16,54	16,7	16,7	16,51	16,4
28.03.2006	16,65	16,5	16,85	16,5	16,51
29.03.2006	17,28	16,89	17,5	16,89	16,8
30.03.2006	17,54	17,56	17,56	17,5	17,5
31.03.2006	17,34	17,5	17,51	17,25	17,56
3.04.2006	17,18	17,2	17,4	17	17,25
4.04.2006	17,06	17	17,27	17	17
5.04.2006	17,43	17,45	17,5	17,3	17,27
6.04.2006	17,44	17,5	17,59	17,25	17,49
7.04.2006	17,44	17,31	17,68	17,3	17,59
10.04.2006	17,47	17,35	17,5	17,3	17,41
11.04.2006	17,48	17,48	17,5	17,45	17,45
12.04.2006	17,51	17,65	17,65	17,5	17,5
13.04.2006	17,5	17,5	17,56	17,5	17,56
18.04.2006	17,5	17,5	17,55	17,5	17,5
19.04.2006	17,45	17,5	17,5	17,4	17,5
20.04.2006	17,3	17,3	17,3	17,28	17,4
21.04.2006	17,33	17,38	17,38	17,32	17,28
24.04.2006	17,39	17,38	17,4	17,32	17,34
25.04.2006	17,4	17,35	17,55	17,35	17,4
26.04.2006	17,4	17,41	17,41	17,4	17,4
27.04.2006	17,32	17,32	17,33	17,32	17,4
28.04.2006	17,3	17,33	17,33	17,25	17,33
2.05.2006	17,21	17,15	17,24	17,15	17,25
3.05.2006	17,34	17,25	17,35	17,25	17,24
4.05.2006	17,26	17,26	17,4	17,16	17,35
5.05.2006	17,29	17,3	17,4	17,18	17,16
8.05.2006	17,11	17,3	17,3	17	17,18
9.05.2006	17,25	17,25	17,25	17,25	17
10.05.2006	16,91	16,9	17,08	16,9	17,25
11.05.2006	16,94	16,95	16,95	16,93	16,9
12.05.2006	16,82	16,93	16,93	16,8	16,93
15.05.2006	16,18	16,6	16,6	16,01	16,8
16.05.2006	16,49	16,4	16,5	16,4	16,01
17.05.2006	16,5	16,5	16,5	16,42	16,42
18.05.2006	15,16	15,8	15,8	15	16,42
19.05.2006	15,28	15,45	15,45	15,09	15,4
22.05.2006	15,07	15,4	15,4	14,61	15,4
23.05.2006	14,21	14,7	14,85	13,5	14,65
24.05.2006	14,54	14,26	14,6	14,26	14,45
25.05.2006	0	14,4	0	0	14,4
26.05.2006	14,14	14,3	14,3	14,1	14,4
29.05.2006	14,2	14,14	14,3	14,14	14,11
30.05.2006	14,35	14,25	14,5	14,25	14,15
31.05.2006	14,09	14,15	14,15	13,6	14,3
1.06.2006	13,79	14,06	14,06	13,65	14,11
2.06.2006	13,61	13,7	13,7	13,6	13,8
5.06.2006	13,47	13,6	13,83	13,4	13,6
6.06.2006	13,75	13,8	13,8	13,55	13,83
7.06.2006	13,66	13,71	13,78	13,6	13,75
8.06.2006	13,48	13,78	13,78	13,4	13,78
9.06.2006	13,45	13,42	13,61	13,4	13,4
12.06.2006	13,29	13,4	13,4	13,05	13,5
13.06.2006	12,94	13,25	13,25	12,62	13,1
14.06.2006	12,71	12,73	12,99	12,7	12,65
15.06.2006	12,84	12,98	12,98	12,82	12,7
16.06.2006	13	12,96	13,05	12,81	12,85
19.06.2006	13,06	13,1	13,25	12,9	13,05
20.06.2006	13	13,13	13,13	13	13
21.06.2006	13	12,85	13	12,85	13
22.06.2006	0	13	0	0	13
23.06.2006	0	13	0	0	13
26.06.2006	13	12,9	13	12,9	13
27.06.2006	12,9	12,9	12,9	12,9	13
28.06.2006	12,97	12,91	13,1	12,91	12,9
29.06.2006	13,02	12,98	13,06	12,98	12,91
30.06.2006	13,09	13,1	13,1	13,07	13,06
3.07.2006	13,39	13,4	13,4	13,38	13,07
4.07.2006	13,45	13,4	13,5	13,35	13,39
5.07.2006	13,42	13,42	13,42	13,37	13,36
6.07.2006	0	13,37	0	0	13,37
7.07.2006	13,29	13,37	13,37	13,15	13,37
10.07.2006	13,12	13,06	13,2	13,05	13,15
11.07.2006	13,12	13,07	13,2	13,07	13,2
12.07.2006	13,13	13,1	13,2	13,1	13,2
13.07.2006	13,3	13,3	13,3	13,3	13,2
14.07.2006	13,12	13,3	13,3	13,11	13,3
17.07.2006	13,2	13,15	13,27	13,15	13,12
18.07.2006	13,25	13,2	13,3	13,2	13,2
19.07.2006	13,48	13,3	13,52	13,3	13,3
20.07.2006	13,61	13,56	13,7	13,5	13,5
21.07.2006	13,69	13,85	13,85	13,65	13,7
24.07.2006	13,84	13,77	13,85	13,77	13,65
25.07.2006	13,94	13,9	14	13,87	13,85
26.07.2006	13,97	13,99	13,99	13,84	14
27.07.2006	13,98	13,75	14	13,75	13,99
28.07.2006	14,19	14,2	14,2	14	14
31.07.2006	14,26	14,28	14,28	14,25	14,2
1.08.2006	14,3	14,3	14,38	14,27	14,27
2.08.2006	14,49	14,4	14,52	14,4	14,38
3.08.2006	14,37	14,49	14,49	14,2	14,49
4.08.2006	14,3	14,3	14,48	14,3	14,2
7.08.2006	14,42	14,4	14,45	14,4	14,48
8.08.2006	14,71	14,64	14,85	14,64	14,45
9.08.2006	14,8	14,95	14,95	14,65	14,82
10.08.2006	14,98	14,82	15,25	14,82	14,82
11.08.2006	15,04	15,11	15,15	14,95	15,25
14.08.2006	15,93	15,26	16,25	15,26	15,15
15.08.2006	16,02	16,25	16,25	15,75	16,12
16.08.2006	16,22	16,1	16,25	16,1	16,01
17.08.2006	16,36	16,39	16,48	16,26	16,25
18.08.2006	16,25	16,39	16,39	16,21	16,3
21.08.2006	16,08	16,2	16,2	15,98	16,22
22.08.2006	15,64	15,97	15,97	15,5	16,1
23.08.2006	15,88	15,75	16	15,75	15,7
24.08.2006	15,92	15,52	15,97	15,5	15,84
25.08.2006	15,95	15,95	15,95	15,85	15,97
28.08.2006	15,98	15,98	15,98	15,98	15,85
29.08.2006	15,47	15,5	15,5	15,4	15,98
30.08.2006	15,74	15,47	15,75	15,47	15,47
31.08.2006	15,97	15,84	16	15,84	15,75
1.09.2006	15,66	15,65	15,94	15,65	15,99
4.09.2006	15,83	15,62	15,92	15,62	15,94
5.09.2006	15,73	15,65	15,94	15,6	15,91
6.09.2006	15,78	15,93	15,94	15,66	15,94
7.09.2006	15,95	15,93	15,95	15,93	15,94
8.09.2006	15,97	15,98	16	15,91	15,95
11.09.2006	15,94	15,91	15,95	15,91	15,91
12.09.2006	15,94	15,8	15,95	15,8	15,91
13.09.2006	15,99	15,99	15,99	15,99	15,95
14.09.2006	0	15,99	0	0	15,99
15.09.2006	15,9	15,99	15,99	15,75	15,99
18.09.2006	15,97	15,76	16	15,76	15,9
19.09.2006	15,93	15,85	15,95	15,85	15,8
20.09.2006	15,88	15,91	15,99	15,85	15,91
21.09.2006	15,94	15,82	16,01	15,8	15,86
22.09.2006	15,97	15,9	16	15,9	16,01
25.09.2006	15,99	16	16	15,9	16
26.09.2006	15,72	15,77	15,82	15,65	15,91
27.09.2006	15,65	15,65	15,66	15,65	15,65
28.09.2006	15,66	15,66	15,66	15,65	15,66
29.09.2006	15,69	15,65	15,7	15,65	15,65
2.10.2006	15,65	15,65	15,7	15,65	15,7
3.10.2006	15,65	15,61	15,7	15,53	15,65
4.10.2006	14,83	15,25	15,3	14,32	15,53
5.10.2006	15,23	14,6	15,5	14,6	14,62
6.10.2006	15,48	15,05	15,73	15,05	15,26
9.10.2006	15,65	15,65	15,7	15,65	15,5
10.10.2006	15,63	15,65	15,7	15,55	15,65
11.10.2006	15,57	15,6	15,6	15,5	15,65
12.10.2006	15,5	15,5	15,5	15,5	15,5
13.10.2006	15,59	15,5	15,6	15,5	15,5
16.10.2006	15,42	15,4	15,64	15,37	15,51
17.10.2006	15,4	15,63	15,63	15,4	15,64
18.10.2006	15,52	15,4	15,56	15,4	15,4
19.10.2006	15,48	15,5	15,5	15,45	15,56
20.10.2006	15,53	15,5	15,65	15,5	15,5
23.10.2006	15,61	15,87	16	15,6	15,5
24.10.2006	15,59	15,62	15,62	15,58	15,61
25.10.2006	15,65	15,62	15,7	15,62	15,58
26.10.2006	15,99	15,7	16,1	15,7	15,62
27.10.2006	16,16	16,09	16,24	16	16,05
30.10.2006	16,14	16,23	16,23	16	16,23
31.10.2006	16,1	16,15	16,15	16,05	16
1.11.2006	16,01	16,1	16,1	15,97	16,1
2.11.2006	16,06	16,05	16,1	16,04	15,98
3.11.2006	15,99	16,1	16,1	15,9	16,09
6.11.2006	16,09	16,09	16,09	16,09	16
7.11.2006	16,1	16,09	16,1	16,09	16,09
8.11.2006	16,1	16,1	16,2	16	16,1
9.11.2006	16,41	16,25	16,49	16,25	16,19
10.11.2006	16,87	16,5	17,1	16,5	16,45
13.11.2006	17,15	17,38	17,39	17,05	17,01
14.11.2006	17,14	17,19	17,24	17,1	17,2
15.11.2006	17,66	17,2	18	17,2	17,2
16.11.2006	17,82	17,85	17,95	17,6	17,7
17.11.2006	17,81	17,9	17,92	17,52	17,94
20.11.2006	17,79	17,5	17,9	15,07	17,72
21.11.2006	17,85	17,94	18,02	17,58	17,6
22.11.2006	18,36	18,1	18,6	18,1	18,02
23.11.2006	18,74	18,57	18,9	18,55	18,45
24.11.2006	18,66	19	19	18,55	18,8
27.11.2006	18,46	18,55	18,55	18,4	18,55
28.11.2006	18,5	18,47	18,5	18,47	18,5
29.11.2006	18,62	18,5	18,69	18,5	18,5
30.11.2006	18,7	18,69	18,7	18,69	18,65
1.12.2006	18,79	18,66	18,8	18,66	18,7
4.12.2006	19,16	18,84	19,45	18,84	18,8
5.12.2006	19,64	19,6	19,8	19,45	19,45
6.12.2006	19,86	19,8	20	19,8	19,8
7.12.2006	20,39	20	20,85	20	19,98
8.12.2006	20,73	20,52	20,85	20,52	20,52
11.12.2006	20,74	20,72	20,78	20,6	20,65
12.12.2006	20,65	20,6	20,65	20,56	20,6
13.12.2006	20,03	20,55	20,55	19,7	20,56
14.12.2006	19,59	19,7	20	19,06	19,95
15.12.2006	19,49	19,57	19,97	19,1	19,06
18.12.2006	19,43	19,35	19,8	19,11	19,5
19.12.2006	19,2	19,13	19,3	19,1	19,3
20.12.2006	19,35	19,15	19,5	19,15	19,1
21.12.2006	19,52	19,58	19,7	19,5	19,5
22.12.2006	19,46	19,5	19,68	19	19,68
27.12.2006	19,55	19,96	19,96	19,2	19,5
28.12.2006	19,42	19,2	19,5	19,2	19,35
29.12.2006	19,59	19,6	19,74	19,5	19,36
2.01.2007	19,5	19,2	19,7	19,2	19,65
3.01.2007	19,7	19,65	19,83	19,55	19,7
4.01.2007	20,07	19,96	20,1	19,96	19,83
5.01.2007	20,24	20,15	20,3	19,67	20,1
8.01.2007	20,42	20,11	20,64	20,1	20,28
9.01.2007	20,95	20,6	21,49	20,6	20,5
10.01.2007	21,61	21,25	21,99	21,25	21,1
11.01.2007	21,2	21,37	21,4	21,1	21,71
12.01.2007	21,51	21,2	21,69	21,2	21,3
15.01.2007	21,52	21,5	21,74	21,5	21,5
16.01.2007	21,84	21,72	22	21,6	21,72
17.01.2007	22,27	22,25	22,5	22,01	22
18.01.2007	22,21	22,1	22,88	22,01	22,35
19.01.2007	22,96	22,89	23,25	22,88	22,88
22.01.2007	23,21	22,94	23,91	22,9	22,96
23.01.2007	23,85	23,38	23,98	23,38	23,4
24.01.2007	24,74	23,75	25,19	23,71	23,92
25.01.2007	24,44	24,5	24,98	24,01	24,99
26.01.2007	24,42	24,27	24,6	24,27	24,4
29.01.2007	24,53	24,41	24,9	24,41	24,45
30.01.2007	24,54	24,3	24,73	24,2	24,5
31.01.2007	24,58	24,55	24,7	24,3	24,35
1.02.2007	25,1	24,48	25,56	24,48	24,7
2.02.2007	25,39	25,55	25,55	24,71	25,5
5.02.2007	25,42	25,6	25,61	24,9	25,5
6.02.2007	25,37	25,1	25,5	25	24,93
7.02.2007	25,17	25	25,4	25	25,45
8.02.2007	23,87	24,81	24,81	21,6	25,4
9.02.2007	24,67	22	25,5	22	24,35
12.02.2007	24,42	24,66	24,66	24	24,5
13.02.2007	23,85	24	24,05	23,5	24,5
14.02.2007	24,01	24,03	24,29	23,5	24,05
15.02.2007	24,67	24,48	25	24,48	24,29
16.02.2007	24,51	24	24,9	24	24,79
19.02.2007	24,31	24,7	24,7	24,11	24,5
20.02.2007	23,87	24,11	24,11	23,5	24,11
21.02.2007	23,55	23,7	23,72	23,5	23,5
22.02.2007	23,74	23,52	24	23,52	23,5
23.02.2007	23,38	24	24	23	23,52
26.02.2007	22,54	23	23,01	22,04	23,25
27.02.2007	21,46	22	22	21	22,3
28.02.2007	21,09	20,5	21,3	20,5	21,5
1.03.2007	20,84	20,09	21,5	20,09	21,05
2.03.2007	21,45	21,2	21,49	21,2	21
5.03.2007	20,11	21	21	20	21,26
6.03.2007	19,95	19,36	20,2	19,36	20,1
7.03.2007	20,31	20,99	21	19,9	19,95
8.03.2007	20,1	20	20,2	20	20,25
9.03.2007	20,35	20,4	21	20,1	20,01
12.03.2007	21,16	21,18	21,5	20,85	20,8
13.03.2007	21,2	21,4	21,4	20,75	21,29
14.03.2007	20,48	20,88	20,88	20,26	21,2
15.03.2007	20,98	20,5	21,05	20,5	20,5
16.03.2007	21,21	21,41	21,41	21	21,05
19.03.2007	21,6	21,5	21,65	21,4	21,34
20.03.2007	21,42	21,4	21,5	21,4	21,59
21.03.2007	21,33	21,35	21,45	21,25	21,4
22.03.2007	21,54	21,5	21,75	21,5	21,3
23.03.2007	21,99	22	22	21,75	21,75
26.03.2007	22,37	21,76	22,45	21,76	22
27.03.2007	22,56	22,55	22,75	22,5	22,35
28.03.2007	22,56	22,6	22,6	22,45	22,5
29.03.2007	22,34	22,45	22,45	22,02	22,6
30.03.2007	22,21	22,65	22,8	22,17	22,15
2.04.2007	22,09	21,71	22,2	21,55	22,17
3.04.2007	22,53	22,15	22,76	22,15	22,1
4.04.2007	22,75	22,75	22,77	22,5	22,59
5.04.2007	22,85	22,69	22,9	22,69	22,5
9.04.2007	0	22,76	0	0	22,76
10.04.2007	23,5	23	23,9	23	22,76
11.04.2007	23,43	23,55	23,64	23,12	23,55
12.04.2007	23,08	23,6	23,6	22,95	23,25
13.04.2007	22,86	22,75	22,99	22,75	22,95
16.04.2007	22,85	22,85	23	22,61	22,85
17.04.2007	22,39	22,5	22,5	22,12	22,61
18.04.2007	22,17	22,11	22,5	22	22,5
19.04.2007	21,91	22,49	22,5	21,5	22,2
20.04.2007	21,86	22	22	21,5	21,8
23.04.2007	21,89	22	22,25	21,75	22
24.04.2007	21,92	22	22	21,9	22,25
25.04.2007	21,76	21,6	21,9	21,31	21,9
26.04.2007	21,02	21,5	21,5	20,5	21,31
27.04.2007	20,36	21	21	19,75	20,75
30.04.2007	19,86	19,8	20	19,8	20,4
2.05.2007	19,5	19,8	20	18,52	19,82
3.05.2007	19,02	19,2	19,2	18,55	19
4.05.2007	19,62	19,2	19,78	19,2	19,05
7.05.2007	20,14	20	20,25	20	19,7
8.05.2007	20,16	20,2	20,4	20,03	20,14
9.05.2007	20,57	20,5	20,9	20,45	20,4
10.05.2007	20,92	20,85	21,5	20,85	20,82
11.05.2007	21,62	21,4	21,93	21,05	21,5
14.05.2007	21,67	21,9	21,9	21,5	21,93
15.05.2007	21,51	21,51	21,55	21,48	21,55
16.05.2007	21,25	21,04	21,26	21,04	21,48
17.05.2007	0	21,25	0	0	21,25
18.05.2007	21,69	21,69	21,7	21,61	21,25
21.05.2007	22,41	21,98	22,5	21,98	21,67
22.05.2007	22	22,1	22,3	21,4	22,15
23.05.2007	21,63	21,9	21,9	21,45	21,49
24.05.2007	21,95	21,41	22	21,25	21,5
25.05.2007	21,85	21,61	22	21,6	21,93
28.05.2007	21,76	22	22	21,5	22
29.05.2007	21,98	21,65	22	21,65	21,8
30.05.2007	22,06	21,51	22,1	21,51	22
31.05.2007	22,2	22,19	22,36	22,19	22,1
1.06.2007	22,2	22,25	22,25	22,1	22,25
4.06.2007	22,4	22,37	22,8	22,2	22,1
5.06.2007	22,9	22,8	23,2	22,65	22,8
6.06.2007	22,83	22,94	22,94	22,75	22,71
7.06.2007	23,1	22,75	23,25	22,75	22,85
8.06.2007	22,96	22,31	23,25	22,31	23,25
11.06.2007	23,2	23,1	23,3	23	23
12.06.2007	23,01	23	23,14	23	23,2
13.06.2007	23,12	23	23,2	23	23,14
14.06.2007	23,22	23	23,38	23	23,2
15.06.2007	22,75	23,02	23,02	22,65	23,32
18.06.2007	23,01	23,15	23,19	23	22,73
19.06.2007	23,03	23,15	23,15	23	23
20.06.2007	0	23	0	0	23
21.06.2007	23,1	23,1	23,2	23,1	23
22.06.2007	23,49	23,38	23,71	23,38	23,1
25.06.2007	23,94	23,9	24	23,53	23,71
26.06.2007	24,51	24,41	24,7	24,41	24
27.06.2007	24,61	24,5	24,9	24,5	24,7
28.06.2007	24,5	24,5	24,5	24,5	24,5
29.06.2007	24,11	24,49	24,5	23,5	24,5
2.07.2007	23,82	23,6	23,95	23,6	23,5
3.07.2007	24,05	23,8	24,25	23,8	23,9
4.07.2007	24,43	24,4	24,5	24,27	24,25
5.07.2007	24,32	24,5	24,5	24,1	24,5
6.07.2007	24,46	24	24,88	24	24,35
9.07.2007	24,84	24,5	25,2	24,5	24,88
10.07.2007	25,46	25,45	25,5	25,2	25,05
11.07.2007	25,39	25,5	25,5	25,05	25,2
12.07.2007	25,28	25,15	25,3	25,15	25,05
13.07.2007	25,3	25,3	25,3	25,3	25,2
16.07.2007	25,3	25,3	25,3	25,3	25,3
17.07.2007	25,27	25,3	25,3	25,25	25,3
18.07.2007	25,29	25,25	25,5	25,25	25,25
19.07.2007	25,49	25,5	25,6	25,35	25,5
20.07.2007	25,41	25,3	25,6	25,3	25,4
23.07.2007	25,4	25,7	25,7	25,4	25,6
24.07.2007	25,38	25,35	25,7	25,11	25,4
25.07.2007	25,5	25,15	25,65	25,15	25,5
26.07.2007	25,5	25,25	25,5	25,25	25,5
27.07.2007	25,43	24,05	25,5	24,05	25,5
30.07.2007	25,43	25	25,5	24,5	25,5
31.07.2007	25,19	25,55	25,55	25	25,2
1.08.2007	25,07	25,3	25,3	24,7	25,4
2.08.2007	25,03	25,4	25,4	25	25
3.08.2007	24,92	25	25	24,8	25
6.08.2007	23,22	23,2	24,16	22,53	24,8
7.08.2007	24,17	24,11	24,35	24,01	24,16
8.08.2007	24,23	24,49	24,5	24	24,01
9.08.2007	23,97	24	24	23,89	24
10.08.2007	22,79	23,89	23,89	22,53	23,89
13.08.2007	22,8	22,8	22,8	22,8	23,7
14.08.2007	22,54	22,66	22,67	22,4	22,8
15.08.2007	21,77	22,15	22,49	21,5	22,4
16.08.2007	21,4	22	22	21	21,51
17.08.2007	21,16	21,41	21,41	20	21,41
20.08.2007	0	21,1	0	0	21,1
21.08.2007	21,17	21,99	21,99	21,1	21,1
22.08.2007	21,19	21,2	21,25	21	21,1
23.08.2007	21,21	21,24	21,3	21,15	21,25
24.08.2007	21,27	21,3	21,3	21,2	21,3
27.08.2007	21,3	21,3	21,3	21,3	21,3
28.08.2007	21,43	21,3	21,5	21,3	21,3
29.08.2007	21,15	21,45	21,45	21,1	21,5
30.08.2007	21,28	21,45	21,45	21,05	21,15
31.08.2007	21,42	21	21,74	21	21,44
3.09.2007	21,43	21,49	22,5	21,1	21,49
4.09.2007	21,1	21,5	21,5	21	21,69
5.09.2007	21,16	21,1	21,28	21,08	21,43
6.09.2007	21,05	21,27	21,27	21	21,1
7.09.2007	20,99	21	21,05	20,8	21,1
10.09.2007	0	21	0	0	21
11.09.2007	21,15	21,15	21,15	21,15	21
12.09.2007	20,93	20,93	20,93	20,93	21,15
13.09.2007	20,81	20,94	20,94	20,65	20,93
14.09.2007	0	20,9	0	0	20,9
17.09.2007	19,9	19,4	20,94	19,4	20,9
18.09.2007	20,2	20,2	20,21	20,2	20,2
19.09.2007	20,78	20,5	21	20,5	20,21
20.09.2007	20,69	20,6	20,74	20,2	20,85
21.09.2007	20,65	20,43	20,75	19,81	20,74
24.09.2007	20,1	20,15	20,49	19,8	20,75
25.09.2007	20,1	20,49	20,49	20	20,49
26.09.2007	19,53	20,22	20,22	19,5	20,49
27.09.2007	19,44	19,7	19,7	19,4	19,69
28.09.2007	18,91	19,5	19,5	18,65	19,6
1.10.2007	18,94	18,63	19,35	18,52	18,74
2.10.2007	19,06	19,1	19,1	19,01	19,2
3.10.2007	19	19,01	19,15	19	19,01
4.10.2007	19,17	19,29	19,3	19,14	19,13
5.10.2007	19,27	19,1	19,3	19,1	19,14
8.10.2007	19,17	19,2	19,2	19,1	19,3
9.10.2007	19	19	19	18,71	19,1
10.10.2007	18,35	18,71	18,78	18	18,71
11.10.2007	17,57	18,1	18,15	17,02	18,1
12.10.2007	17,66	17,5	17,99	17,4	17,55
15.10.2007	18,02	17,62	18,4	17,62	17,75
16.10.2007	18,1	18	18,8	18	18
17.10.2007	18,84	18,85	19,2	18,65	18,71
18.10.2007	19,3	19,49	19,49	19,25	19,01
19.10.2007	19,08	19,45	19,45	19	19,25
22.10.2007	18,65	18,76	18,76	18,5	19
23.10.2007	18,91	18,75	19,25	18,75	18,75
24.10.2007	19	19	19	18,68	19,25
25.10.2007	18,68	18,6	19,05	18,6	19
26.10.2007	18,9	18,9	18,9	18,9	19,05
29.10.2007	18,49	18,5	18,9	18,25	18,9
30.10.2007	18,65	18,34	18,9	18,25	18,9
31.10.2007	18,63	18,7	18,8	18,25	18,79
1.11.2007	17,85	18,02	18,02	17,5	18,25
2.11.2007	17,5	17,5	17,51	17,5	17,5
5.11.2007	17,73	17,74	18	17,45	17,5
6.11.2007	17,49	18	18	17,27	18
7.11.2007	18,14	18,25	18,25	17,5	17,5
8.11.2007	17,07	17,45	17,45	17	17,5
9.11.2007	17,1	17	17,3	17	17
12.11.2007	17,15	17,2	17,2	17,1	17
13.11.2007	17,05	17,1	17,1	17	17,1
14.11.2007	16,95	16,8	17,05	16,75	17
15.11.2007	17,05	17,01	17,1	17	17,05
16.11.2007	0	17,1	0	0	17,1
19.11.2007	17,1	17,11	17,11	17,1	17,1
20.11.2007	16,81	17,1	17,1	16,8	17,1
21.11.2007	16,78	16,81	17	16,75	16,8
22.11.2007	16,78	16,75	16,89	16,53	16,8
23.11.2007	16,98	16,98	16,98	16,98	16,89
26.11.2007	15,81	15,91	15,91	15,35	16,98
27.11.2007	14,98	15,25	15,25	14,61	15,79
28.11.2007	14,37	14,9	14,96	13,81	14,9
29.11.2007	14,14	14,11	14,15	14	14
30.11.2007	13,54	14,15	14,2	13,12	14,15
3.12.2007	13,25	13,49	13,67	13,08	13,5
4.12.2007	13,05	13,1	13,2	12,9	13,08
5.12.2007	13	13	13,1	13	13,1
6.12.2007	13	13	13,1	13	13
7.12.2007	12,95	12,9	12,99	12,9	13
10.12.2007	13,1	13,1	13,1	13,05	12,9
11.12.2007	13,07	13,1	13,1	12,95	13,05
12.12.2007	12,99	13,11	13,11	12,9	13,1
13.12.2007	12,99	12,9	13,09	12,9	12,9
14.12.2007	12,97	12,9	13	12,9	13,09
17.12.2007	12,81	12,85	13	12,75	13
18.12.2007	12,53	12,85	12,95	12,5	13
19.12.2007	12,59	12,61	12,65	12,5	12,5
20.12.2007	12,75	12,6	12,8	12,6	12,65
21.12.2007	12,61	12,8	12,8	12,55	12,8
27.12.2007	12,58	12,75	12,75	12,47	12,6
28.12.2007	12,58	12,25	13	12,25	12,47
2.01.2008	12,54	12,5	12,95	12,3	13
3.01.2008	12,9	12,9	12,9	12,9	12,9
4.01.2008	12,9	12,9	12,9	12,9	12,9
7.01.2008	12,3	12,7	12,85	12,03	12,9
8.01.2008	12,32	12,13	12,4	12,13	12,35
9.01.2008	12,5	12,5	12,5	12,47	12,4
10.01.2008	12,48	12,47	12,55	12,47	12,47
11.01.2008	12,55	12,55	12,55	12,55	12,55
14.01.2008	12,25	12,07	12,55	12,07	12,55
15.01.2008	12,09	12,11	12,25	12	12,55
16.01.2008	11,57	11,8	11,85	11,5	12
17.01.2008	10,88	11,01	12,2	10,4	11,5
18.01.2008	10,33	10,5	10,99	10	11,2
21.01.2008	10,52	10,51	11	10	10,99
22.01.2008	9,98	10,1	10,38	9,66	10,01
23.01.2008	10,19	10,11	10,49	10,1	10
24.01.2008	10,14	10,49	10,5	10	10,12
25.01.2008	10,34	10,16	10,5	10,16	10,1
28.01.2008	10,3	10,3	10,3	10,3	10,49
29.01.2008	10,01	10,07	10,07	9,8	10,3
30.01.2008	10,2	10,2	10,2	10,2	9,8
31.01.2008	10,2	10,2	10,2	10,2	10,2
1.02.2008	10,15	10,2	10,2	9,91	10,2
4.02.2008	10,1	10,1	10,15	10,1	10
5.02.2008	10,07	10,05	10,1	10,05	10,15
6.02.2008	9,91	9,9	10,09	9,9	10,1
7.02.2008	10,1	10,1	10,2	10,1	10,09
8.02.2008	10,03	10,1	10,1	9,95	10,1
11.02.2008	10,13	10,13	10,13	10,13	10
12.02.2008	10,07	9,92	10,1	9,92	10,13
13.02.2008	0	10,08	0	0	10,08
14.02.2008	10	9,93	10,08	9,93	10,08
15.02.2008	10,01	10,09	10,09	9,95	10,08
18.02.2008	10,2	10,2	10,2	10,2	10
19.02.2008	10,2	10,2	10,26	10,15	10,2
20.02.2008	10,51	10,39	10,68	10,25	10,2
21.02.2008	10,73	10,65	11,17	10,6	10,51
22.02.2008	10,88	11,05	11,05	10,6	10,9
25.02.2008	11,18	11,15	11,4	11,13	11
26.02.2008	11,58	11,4	11,7	11,4	11,15
27.02.2008	11,25	11,6	11,6	10,84	11,47
28.02.2008	11,02	11,34	11,34	11	11,22
29.02.2008	10,87	11	11	10,8	11,14
3.03.2008	10,53	10,76	10,76	10,5	10,8
4.03.2008	10,38	10,35	10,5	10,3	10,54
5.03.2008	10,49	10,5	10,5	10,35	10,3
6.03.2008	10,37	10,3	10,43	10,3	10,35
7.03.2008	10,39	10,44	10,44	10,35	10,43
10.03.2008	10,03	10	10,3	10	10,35
11.03.2008	10,12	10,1	10,2	10,1	10
12.03.2008	10,23	10,35	10,35	10,15	10,1
13.03.2008	10,1	10,2	10,2	10,1	10,3
14.03.2008	10,19	10,15	10,25	10,15	10,1
17.03.2008	9,9	9,9	10,1	9,7	10,2
18.03.2008	9,84	9,89	10	9,51	9,9
19.03.2008	9,92	9,9	9,95	9,62	10
20.03.2008	9,55	9,62	9,74	9,11	9,9
25.03.2008	9,21	9,5	9,5	9,2	9,55
26.03.2008	9,2	9,3	9,49	9,14	9,2
27.03.2008	9,2	9,21	9,21	9,15	9,2
28.03.2008	9,19	9,2	9,2	9,15	9,2
31.03.2008	9,1	9,1	9,11	9,05	9,18
1.04.2008	9,09	9,05	9,19	9,05	9,1
2.04.2008	9,1	9,1	9,1	9,1	9,1
3.04.2008	9,1	9,1	9,1	9,05	9,1
4.04.2008	9,1	9	9,15	9	9,05
7.04.2008	9,02	9,2	9,2	9	9,15
8.04.2008	9,05	9,05	9,05	9	9
9.04.2008	9,1	9,1	9,1	9,1	9
10.04.2008	0	9,1	0	0	9,1
11.04.2008	9,04	9,06	9,06	9	9,1
14.04.2008	9	8,9	9	8,9	9,01
15.04.2008	9	9	9	9	9
16.04.2008	8,94	8,95	9	8,81	9
17.04.2008	0	8,9	0	0	8,9
18.04.2008	8,83	8,83	8,83	8,83	8,9
21.04.2008	8,85	8,83	8,9	8,83	8,83
22.04.2008	8,98	8,75	9	8,75	8,9
23.04.2008	8,97	8,95	8,98	8,95	9
24.04.2008	8,88	8,9	8,9	8,8	8,98
25.04.2008	0	8,8	0	0	8,8
28.04.2008	8,83	8,85	8,85	8,8	8,8
29.04.2008	8,9	9	9	8,8	8,8
30.04.2008	8,99	8,99	8,99	8,99	8,8
2.05.2008	8,88	8,9	8,9	8,83	8,99
5.05.2008	8,84	8,9	8,9	8,82	8,83
6.05.2008	8,9	8,9	8,9	8,89	8,82
7.05.2008	0	8,89	0	0	8,89
8.05.2008	0	8,89	0	0	8,89
9.05.2008	8,83	8,81	8,87	8,8	8,89
12.05.2008	8,8	8,8	8,85	8,8	8,82
13.05.2008	8,85	8,85	8,85	8,85	8,85
14.05.2008	8,88	8,88	8,88	8,8	8,85
15.05.2008	8,8	8,8	8,8	8,8	8,8
16.05.2008	8,6	8,6	8,6	8,6	8,8
19.05.2008	8,52	8,52	8,52	8,51	8,6
20.05.2008	0	8,51	0	0	8,51
21.05.2008	8,84	8,5	8,85	8,5	8,51
22.05.2008	8,5	8,5	8,5	8,5	8,85
23.05.2008	8,5	8,5	8,5	8,5	8,5
26.05.2008	8,84	8,85	8,85	8,7	8,5
27.05.2008	8,56	8,85	8,85	8,5	8,8
28.05.2008	8,77	8,7	8,8	8,7	8,7
29.05.2008	8,63	8,6	8,8	8,6	8,8
30.05.2008	8,81	8,61	8,84	8,61	8,7
2.06.2008	8,65	8,61	8,85	8,61	8,84
3.06.2008	0	8,65	0	0	8,65
4.06.2008	8,7	8,7	8,75	8,7	8,65
5.06.2008	8,94	8,8	9,25	8,8	8,75
6.06.2008	8,89	9,3	9,3	8,81	9,25
9.06.2008	8,97	8,9	9	8,9	8,81
10.06.2008	9	9	9	9	9
11.06.2008	0	9	0	0	9
12.06.2008	8,75	8,76	8,76	8,75	9
13.06.2008	8,63	8,7	8,7	8,6	8,75
16.06.2008	8,13	8,51	8,75	7,9	8,6
17.06.2008	8,57	8,6	8,6	8,44	8,75
18.06.2008	8,7	8,7	8,7	8,7	8,6
19.06.2008	8,91	8,9	8,99	8,86	8,7
20.06.2008	8,86	8,85	8,9	8,82	8,86
25.06.2008	8,91	8,9	9	8,9	8,9
26.06.2008	0	8,91	0	0	8,91
27.06.2008	8,65	8,7	8,7	8,52	8,91
30.06.2008	8,6	8,63	8,63	8,5	8,63
1.07.2008	8,74	8,73	8,74	8,73	8,5
2.07.2008	8,79	8,79	8,79	8,79	8,74
3.07.2008	8,7	8,79	8,79	8,5	8,79
4.07.2008	8,85	8,8	8,85	8,8	8,5
7.07.2008	0	8,85	0	0	8,85
8.07.2008	8,82	8,63	8,85	8,63	8,85
9.07.2008	8,42	8,5	8,5	8,4	8,84
10.07.2008	0	8,42	0	0	8,42
11.07.2008	8,44	8,45	8,47	8,43	8,42
14.07.2008	8,41	8,43	8,43	8,24	8,43
15.07.2008	7,99	8,24	8,24	7,7	8,25
16.07.2008	8,07	7,99	8,1	7,96	8
17.07.2008	8,03	8,1	8,1	7,95	7,96
18.07.2008	7,95	8,09	8,09	7,95	7,95
21.07.2008	7,81	7,81	7,81	7,81	7,95
22.07.2008	7,25	7,79	7,79	7,2	7,81
23.07.2008	7,16	7,3	7,3	7	7,2
24.07.2008	7,2	7,2	7,2	7,2	7,1
25.07.2008	7,24	7,1	7,3	7,1	7,2
28.07.2008	7,1	7,5	7,5	7,1	7,3
29.07.2008	0,73	0,72	0,8	0,72	7,1
30.07.2008	0,6	0,62	0,66	0,54	0,72
31.07.2008	0,46	0,5	0,5	0,46	0,54
1.08.2008	0,47	0,5	0,52	0,43	0,46
4.08.2008	0,47	0,44	0,52	0,44	0,48
5.08.2008	0,48	0,48	0,52	0,48	0,5
6.08.2008	0,49	0,5	0,5	0,48	0,52
7.08.2008	0,49	0,49	0,5	0,49	0,5
8.08.2008	0,47	0,47	0,48	0,47	0,5
11.08.2008	0,46	0,48	0,48	0,43	0,48
12.08.2008	0,41	0,45	0,45	0,4	0,43
13.08.2008	0,41	0,4	0,41	0,4	0,4
14.08.2008	0,4	0,41	0,41	0,4	0,4
15.08.2008	0	0,4	0	0	0,4
18.08.2008	0,39	0,39	0,4	0,39	0,4
19.08.2008	0,39	0,39	0,39	0,38	0,39
20.08.2008	0	0,39	0	0	0,39
21.08.2008	0,41	0,39	0,43	0,39	0,39
22.08.2008	0,39	0,39	0,39	0,38	0,43
25.08.2008	0,39	0,39	0,39	0,39	0,39
26.08.2008	0,38	0,38	0,39	0,37	0,39
27.08.2008	0,38	0,38	0,39	0,37	0,39
28.08.2008	0,37	0,37	0,37	0,36	0,39
29.08.2008	0,34	0,35	0,36	0,33	0,36
1.09.2008	0,32	0,33	0,33	0,31	0,34
2.09.2008	0,3	0,31	0,32	0,29	0,31
3.09.2008	0,3	0,31	0,31	0,29	0,3
4.09.2008	0,31	0,3	0,34	0,3	0,3
5.09.2008	0,33	0,35	0,35	0,31	0,34
8.09.2008	0,31	0,33	0,33	0,31	0,33
9.09.2008	0,31	0,32	0,33	0,31	0,31
10.09.2008	0,31	0,32	0,32	0,3	0,31
11.09.2008	0,31	0,32	0,32	0,3	0,32
12.09.2008	0,3	0,32	0,32	0,3	0,3
15.09.2008	0,3	0,31	0,32	0,29	0,3
16.09.2008	0,29	0,3	0,3	0,28	0,31
17.09.2008	0,28	0,29	0,29	0,28	0,3
18.09.2008	0,28	0,28	0,29	0,27	0,29
19.09.2008	0,28	0,29	0,3	0,28	0,27
22.09.2008	0,29	0,3	0,3	0,28	0,28
23.09.2008	0,27	0,27	0,27	0,26	0,28
24.09.2008	0,23	0,25	0,25	0,23	0,27
25.09.2008	0,23	0,22	0,23	0,21	0,23
26.09.2008	0,22	0,24	0,24	0,22	0,23
29.09.2008	0,22	0,22	0,23	0,22	0,23
30.09.2008	0,2	0,22	0,22	0,2	0,22
1.10.2008	0,22	0,22	0,24	0,21	0,21
2.10.2008	0,21	0,21	0,21	0,21	0,22
3.10.2008	0,24	0,22	0,26	0,22	0,21
6.10.2008	0,23	0,25	0,25	0,22	0,25
7.10.2008	0,23	0,22	0,23	0,22	0,22
8.10.2008	0,21	0,21	0,23	0,21	0,23
9.10.2008	0,24	0,23	0,24	0,23	0,21
10.10.2008	0,23	0,22	0,25	0,21	0,24
13.10.2008	0,25	0,25	0,25	0,25	0,25
14.10.2008	0,25	0,26	0,26	0,24	0,25
15.10.2008	0,23	0,24	0,24	0,22	0,25
16.10.2008	0,23	0,22	0,24	0,21	0,22
17.10.2008	0,21	0,25	0,25	0,2	0,22
20.10.2008	0,21	0,23	0,23	0,21	0,21
21.10.2008	0,21	0,21	0,21	0,2	0,21
22.10.2008	0,2	0,2	0,21	0,2	0,2
23.10.2008	0,2	0,19	0,21	0,19	0,21
24.10.2008	0,2	0,19	0,21	0,19	0,19
27.10.2008	0,19	0,19	0,19	0,19	0,19
28.10.2008	0,2	0,2	0,21	0,2	0,19
29.10.2008	0,21	0,22	0,22	0,21	0,21
30.10.2008	0,21	0,21	0,21	0,21	0,22
31.10.2008	0,2	0,2	0,21	0,19	0,21
3.11.2008	0,2	0,21	0,21	0,19	0,19
4.11.2008	0,21	0,21	0,21	0,21	0,21
5.11.2008	0,22	0,22	0,24	0,21	0,21
6.11.2008	0,21	0,21	0,21	0,21	0,21
7.11.2008	0,22	0,22	0,22	0,22	0,21
10.11.2008	0,21	0,21	0,21	0,2	0,22
11.11.2008	0,2	0,2	0,2	0,2	0,2
12.11.2008	0,2	0,2	0,2	0,2	0,2
13.11.2008	0,2	0,2	0,2	0,19	0,2
14.11.2008	0,19	0,2	0,2	0,19	0,2
17.11.2008	0,2	0,2	0,2	0,19	0,19
18.11.2008	0,19	0,19	0,19	0,18	0,19
19.11.2008	0,19	0,17	0,2	0,17	0,18
20.11.2008	0,17	0,18	0,2	0,17	0,2
21.11.2008	0,18	0,19	0,19	0,17	0,17
24.11.2008	0,19	0,19	0,19	0,19	0,18
25.11.2008	0,19	0,2	0,2	0,19	0,19
26.11.2008	0,19	0,19	0,19	0,18	0,19
27.11.2008	0,18	0,19	0,19	0,18	0,18
28.11.2008	0,18	0,17	0,18	0,17	0,18
1.12.2008	0,19	0,19	0,19	0,19	0,18
2.12.2008	0,18	0,18	0,18	0,18	0,19
3.12.2008	0,19	0,19	0,19	0,19	0,18
4.12.2008	0,2	0,19	0,21	0,19	0,19
5.12.2008	0,2	0,21	0,21	0,2	0,2
8.12.2008	0,22	0,2	0,23	0,2	0,21
9.12.2008	0,2	0,21	0,21	0,2	0,22
10.12.2008	0,21	0,2	0,21	0,2	0,2
11.12.2008	0,21	0,21	0,22	0,21	0,21
12.12.2008	0,2	0,2	0,2	0,2	0,22
15.12.2008	0,22	0,22	0,22	0,22	0,2
16.12.2008	0,22	0,2	0,22	0,2	0,22
17.12.2008	0,22	0,22	0,22	0,22	0,22
18.12.2008	0,21	0,21	0,21	0,21	0,22
19.12.2008	0,2	0,21	0,21	0,2	0,21
22.12.2008	0,2	0,2	0,2	0,19	0,2
23.12.2008	0,2	0,2	0,2	0,2	0,2
29.12.2008	0,2	0,2	0,2	0,2	0,2
30.12.2008	0,2	0,19	0,2	0,19	0,2
2.01.2009	0,22	0,22	0,22	0,21	0,2
5.01.2009	0,2	0,2	0,21	0,2	0,21
6.01.2009	0,19	0,2	0,2	0,19	0,21
7.01.2009	0,2	0,19	0,2	0,19	0,19
8.01.2009	0	0,19	0	0	0,19
9.01.2009	0,19	0,19	0,2	0,19	0,19
12.01.2009	0,19	0,19	0,19	0,19	0,19
13.01.2009	0,19	0,2	0,2	0,18	0,19
14.01.2009	0,2	0,2	0,2	0,2	0,19
15.01.2009	0,18	0,18	0,18	0,18	0,2
16.01.2009	0,18	0,18	0,18	0,18	0,18
19.01.2009	0,18	0,18	0,2	0,17	0,18
20.01.2009	0,16	0,17	0,17	0,15	0,17
21.01.2009	0	0,16	0	0	0,16
22.01.2009	0,18	0,18	0,18	0,18	0,16
23.01.2009	0,18	0,18	0,18	0,18	0,18
26.01.2009	0,18	0,18	0,18	0,18	0,18
27.01.2009	0,17	0,17	0,17	0,17	0,18
28.01.2009	0,17	0,17	0,17	0,17	0,17
29.01.2009	0,18	0,18	0,18	0,18	0,17
30.01.2009	0,19	0,19	0,19	0,19	0,18
2.02.2009	0,17	0,17	0,17	0,17	0,19
3.02.2009	0,18	0,18	0,19	0,18	0,17
4.02.2009	0	0,19	0	0	0,19
5.02.2009	0,17	0,17	0,17	0,17	0,19
6.02.2009	0,17	0,17	0,17	0,17	0,17
9.02.2009	0,17	0,18	0,18	0,16	0,17
10.02.2009	0,17	0,17	0,17	0,17	0,16
11.02.2009	0,18	0,18	0,18	0,18	0,17
12.02.2009	0,18	0,18	0,19	0,18	0,18
13.02.2009	0,18	0,18	0,19	0,18	0,19
16.02.2009	0,17	0,17	0,17	0,17	0,19
17.02.2009	0,17	0,17	0,17	0,16	0,17
18.02.2009	0,18	0,17	0,18	0,16	0,17
19.02.2009	0	0,18	0	0	0,18
20.02.2009	0	0,18	0	0	0,18
23.02.2009	0,18	0,18	0,19	0,18	0,18
24.02.2009	0	