3.01.2000	33,57	35,7	31,9	35,7
4.01.2000	37,24	39	34,5	39
5.01.2000	35,76	36,5	35,5	35,5
6.01.2000	34,1	34,1	34,1	34,1
7.01.2000	36,28	36,5	35	36
10.01.2000	36,7	37	36	37
11.01.2000	36	36	36	36
12.01.2000	36,58	36,6	36	36,6
13.01.2000	0	0	0	36,6
14.01.2000	36	36	36	36
17.01.2000	36	36	36	36
18.01.2000	36	36	36	36
19.01.2000	36	36	36	36
20.01.2000	36,98	37	36	37
21.01.2000	0	0	0	37
24.01.2000	37	37	37	37
25.01.2000	36,76	37,5	36	37,5
26.01.2000	37,44	37,5	36	37,5
27.01.2000	36	36	36	36
28.01.2000	0	0	0	36
31.01.2000	0	0	0	36
1.02.2000	0	0	0	36
2.02.2000	37	37	37	37
3.02.2000	37,03	37,4	37	37,3
4.02.2000	0	0	0	37,3
7.02.2000	36,5	36,5	36,5	36,5
8.02.2000	0	0	0	36,5
9.02.2000	37,5	37,5	37,5	37,5
10.02.2000	37,69	37,8	37	37,5
11.02.2000	38,2	38,2	38,2	38,2
14.02.2000	38,46	38,5	38,4	38,5
15.02.2000	38,5	38,6	37,6	38,5
16.02.2000	39,56	40	39	39,5
17.02.2000	40,29	40,5	39,2	39,3
18.02.2000	39,3	39,3	39,3	39,3
21.02.2000	0	0	0	39,3
22.02.2000	0	0	0	39,3
23.02.2000	40	40	40	40
25.02.2000	40,51	41	40	40
28.02.2000	40	40	40	40
29.02.2000	39,5	39,5	39,5	39,5
1.03.2000	39,5	39,5	39,5	39,5
2.03.2000	0	0	0	39,5
3.03.2000	40,98	41,3	40,5	41,3
6.03.2000	41,96	42,7	41,3	42,7
7.03.2000	43,28	44	42,9	44
8.03.2000	43,43	44,9	43,4	44,9
9.03.2000	0	0	0	44,9
10.03.2000	43,34	43,5	43,1	43,1
13.03.2000	0	0	0	43,1
14.03.2000	43,1	43,1	43,1	43,1
15.03.2000	0	0	0	43,1
16.03.2000	0	0	0	43,1
17.03.2000	42,9	42,9	42,9	42,9
20.03.2000	43	43	42,8	43
21.03.2000	43,24	43,8	42,8	42,8
22.03.2000	43	43	43	43
23.03.2000	43	43	43	43
24.03.2000	43	43	42,8	42,8
27.03.2000	42,9	42,9	42,9	42,9
28.03.2000	42,9	42,9	42,9	42,9
29.03.2000	42,9	42,9	42,9	42,9
30.03.2000	42,53	42,6	42,5	42,5
31.03.2000	42,02	42,1	41,5	41,5
3.04.2000	41,5	41,5	41,5	41,5
4.04.2000	41,1	41,1	41,1	41,1
5.04.2000	41,1	41,1	41,1	41,1
6.04.2000	41	41	41	41
7.04.2000	41	41	41	41
10.04.2000	42,4	42,4	42,4	42,4
11.04.2000	41	41	41	41
12.04.2000	0	0	0	41
13.04.2000	0	0	0	41
14.04.2000	41	41	41	41
17.04.2000	40,02	40,1	40	40,1
18.04.2000	40,3	40,3	40,3	40,3
19.04.2000	40,3	40,3	40,3	40,3
20.04.2000	40,99	41	40,5	41
24.04.2000	40,52	41,9	40,2	41,9
25.04.2000	40,5	40,5	40,5	40,5
26.04.2000	41	41	41	41
27.04.2000	41,07	41,4	40,6	41,4
28.04.2000	41,5	41,5	41,4	41,5
2.05.2000	0	0	0	41,5
3.05.2000	41,74	41,8	41,2	41,2
4.05.2000	0	0	0	41,2
5.05.2000	0	0	0	41,2
8.05.2000	0	0	0	41,2
9.05.2000	0	0	0	41,2
10.05.2000	41,2	41,2	41,2	41,2
11.05.2000	41,2	41,2	41,2	41,2
12.05.2000	41,59	42,1	41,3	41,5
15.05.2000	41,5	41,5	41,5	41,5
16.05.2000	0	0	0	41,5
17.05.2000	41,7	42	41,6	41,8
18.05.2000	0	0	0	41,8
19.05.2000	42,4	42,4	42,4	42,4
22.05.2000	0	0	0	42,4
23.05.2000	0	0	0	42,4
24.05.2000	41,55	41,6	41,1	41,1
25.05.2000	0	0	0	41,1
26.05.2000	41,37	41,8	41,1	41,8
29.05.2000	41,36	41,49	41,1	41,1
30.05.2000	41,37	41,4	41,1	41,1
31.05.2000	41,1	41,1	41,1	41,1
1.06.2000	41,6	41,8	41,1	41,7
2.06.2000	41,74	41,8	41,5	41,8
5.06.2000	41,94	42	41,9	41,9
6.06.2000	42,12	42,2	41,8	42,2
7.06.2000	0	0	0	42,2
8.06.2000	41,8	41,8	41,8	41,8
9.06.2000	41,8	41,8	41,8	41,8
12.06.2000	42,4	42,4	42,4	42,4
13.06.2000	42	42	42	42
14.06.2000	42	42	42	42
15.06.2000	41	41	41	41
16.06.2000	41,1	41,1	41,1	41,1
19.06.2000	41,1	41,1	41,1	41,1
20.06.2000	0	0	0	41,1
21.06.2000	41,1	41,1	41,1	41,1
22.06.2000	0	0	0	41,1
26.06.2000	0	0	0	41,1
27.06.2000	41,29	41,3	41,1	41,3
28.06.2000	0	0	0	41,3
29.06.2000	39,86	39,9	39,5	39,9
30.06.2000	0	0	0	39,9
3.07.2000	0	0	0	39,9
4.07.2000	39,6	39,6	39,6	39,6
5.07.2000	39,8	39,8	39,8	39,8
6.07.2000	39,8	39,8	39,8	39,8
7.07.2000	40,58	40,9	40,2	40,2
10.07.2000	0	0	0	40,2
11.07.2000	0	0	0	40,2
12.07.2000	0	0	0	40,2
13.07.2000	41	41	41	41
14.07.2000	41	41	41	41
17.07.2000	41,2	41,2	41,2	41,2
18.07.2000	40,8	40,8	40,8	40,8
19.07.2000	0	0	0	40,8
20.07.2000	0	0	0	40,8
21.07.2000	0	0	0	40,8
24.07.2000	0	0	0	40,8
25.07.2000	41,33	41,5	40,8	41,5
26.07.2000	0	0	0	41,5
27.07.2000	0	0	0	41,5
28.07.2000	41,5	41,5	41,5	41,5
31.07.2000	40,94	41	40,8	41
1.08.2000	42,03	42,5	41,5	42
2.08.2000	42	42	42	42
3.08.2000	42	42	42	42
4.08.2000	42	42	42	42
7.08.2000	43,79	45	42	45
8.08.2000	47,76	48	46	46
9.08.2000	47,47	47,5	46	46
10.08.2000	46,2	46,2	46,2	46,2
11.08.2000	47,97	48,5	46,2	47
14.08.2000	47	47	47	47
15.08.2000	0	0	0	47
16.08.2000	46,44	47	46	46
17.08.2000	0	0	0	46
18.08.2000	45,5	45,5	45,5	45,5
21.08.2000	0	0	0	45,5
22.08.2000	45,6	45,6	45,6	45,6
23.08.2000	47,3	47,3	47,3	47,3
24.08.2000	45,6	45,6	45,6	45,6
25.08.2000	45,5	45,5	45,5	45,5
28.08.2000	47,36	48	45,5	48
29.08.2000	47,75	48	47,5	48
30.08.2000	47,9	48	46	48
31.08.2000	49	49	49	49
1.09.2000	49,12	50	48,5	48,5
4.09.2000	50,82	52	50	50,6
5.09.2000	50,6	50,6	50,6	50,6
6.09.2000	52,13	53	50,6	52
7.09.2000	51,88	52,5	51	51
8.09.2000	0	0	0	51
11.09.2000	0	0	0	51
12.09.2000	0	0	0	51
13.09.2000	51,14	52	51	51
14.09.2000	51,06	52	51	51
15.09.2000	51	51	51	51
18.09.2000	51,05	52	51	52
19.09.2000	51	51	51	51
20.09.2000	50,3	51	49	51
21.09.2000	49	49	49	49
22.09.2000	0	0	0	49
25.09.2000	0	0	0	49
26.09.2000	0	0	0	49
27.09.2000	0	0	0	49
28.09.2000	51,67	53	50	52
29.09.2000	52	52,8	52	52,8
2.10.2000	52	52	52	52
3.10.2000	52,98	53	52	53
4.10.2000	52,5	52,5	52,5	52,5
5.10.2000	55,1	56,5	53,4	56,5
6.10.2000	56,09	56,5	53,4	56,5
9.10.2000	53,4	53,4	53,4	53,4
10.10.2000	0	0	0	53,4
11.10.2000	0	0	0	53,4
12.10.2000	0	0	0	53,4
13.10.2000	53,53	54	53,4	54
16.10.2000	52,5	52,5	52,5	52,5
17.10.2000	52,5	52,5	52,5	52,5
18.10.2000	0	0	0	52,5
19.10.2000	0	0	0	52,5
20.10.2000	52,5	52,5	52,5	52,5
23.10.2000	52,51	53,5	52,5	52,5
24.10.2000	54	54	54	54
25.10.2000	53	53	53	53
26.10.2000	0	0	0	53
27.10.2000	55	55	55	55
30.10.2000	56,24	56,5	56,14	56,14
31.10.2000	54	54	54	54
1.11.2000	59	59	59	59
2.11.2000	54	54	54	54
3.11.2000	0	0	0	54
6.11.2000	55,85	56	54,6	54,6
7.11.2000	56	56	56	56
8.11.2000	0	0	0	56
9.11.2000	59	59	59	59
10.11.2000	0	0	0	59
13.11.2000	59	59	59	59
14.11.2000	0	0	0	59
15.11.2000	58,99	59	54,5	59
16.11.2000	60,17	60,5	60	60
17.11.2000	60	60	60	60
20.11.2000	59,84	60	59,82	59,82
21.11.2000	59	59	59	59
22.11.2000	57,4	60,5	55	55
23.11.2000	57	57	57	57
24.11.2000	55,38	57	54	57
27.11.2000	0	0	0	57
28.11.2000	54,63	57	54,5	54,5
29.11.2000	54,5	54,5	54,5	54,5
30.11.2000	54,5	54,5	54,5	54,5
1.12.2000	54,45	54,5	54	54
4.12.2000	56,5	56,5	56,5	56,5
5.12.2000	0	0	0	56,5
6.12.2000	56,5	56,5	56,5	56,5
7.12.2000	56	56	56	56
8.12.2000	0	0	0	56
11.12.2000	54,5	54,5	54,5	54,5
12.12.2000	0	0	0	54,5
13.12.2000	0	0	0	54,5
14.12.2000	0	0	0	54,5
15.12.2000	54,5	54,5	54,5	54,5
18.12.2000	55,8	56,5	54,5	54,5
19.12.2000	54,5	54,5	54,5	54,5
20.12.2000	54,5	54,5	54,5	54,5
21.12.2000	0	0	0	54,5
22.12.2000	0	0	0	54,5
27.12.2000	0	0	0	54,5
28.12.2000	55,3	57	54	55
29.12.2000	0	0	0	55
2.01.2001	57,42	59	54,5	59
3.01.2001	57	57	57	57
4.01.2001	57	57	57	57
5.01.2001	0	0	0	57
8.01.2001	57	57	57	57
9.01.2001	59	59	59	59
10.01.2001	58	58	58	58
11.01.2001	57,56	58	57	58
12.01.2001	58	58	58	58
15.01.2001	61,8	63	60	63
16.01.2001	58,5	58,5	58,5	58,5
17.01.2001	62,54	65	59	59
18.01.2001	0	0	0	59
19.01.2001	60	60	60	60
22.01.2001	60	60	60	60
23.01.2001	60	60	60	60
24.01.2001	64,5	64,5	64,5	64,5
25.01.2001	0	0	0	64,5
26.01.2001	60	60	60	60
29.01.2001	60	60	60	60
30.01.2001	61,91	64	60,6	64
31.01.2001	0	0	0	64
1.02.2001	61,5	61,5	61,5	61,5
2.02.2001	65,18	65,5	62	62
5.02.2001	64,85	66	62	62,7
6.02.2001	66,62	67	63,1	63,5
7.02.2001	64,21	69	64,2	69
8.02.2001	64,11	64,2	64	64,2
9.02.2001	65,13	70	65	70
12.02.2001	67,72	68	65,2	65,2
13.02.2001	0	0	0	65,2
14.02.2001	65,02	70	65	65
15.02.2001	65,01	70	65	65
16.02.2001	66,86	67	65,2	67
19.02.2001	0	0	0	67
20.02.2001	65,2	65,2	65,2	65,2
21.02.2001	61	61	61	61
22.02.2001	68	68	68	61
23.02.2001	62,06	62,1	62	61
26.02.2001	0	0	0	61
27.02.2001	62	62	62	62
28.02.2001	63,97	64	63,1	64
1.03.2001	65,29	65,5	63	65
2.03.2001	65,59	65,6	65,5	65,5
5.03.2001	66,51	70	65	65
6.03.2001	65,43	70	65	65
7.03.2001	69,98	73	65,5	70
8.03.2001	72,31	73	70	70
9.03.2001	69,67	70	69	69
12.03.2001	69	69	69	69
13.03.2001	66,84	73	65	73
14.03.2001	68,87	71	64	71
15.03.2001	64	64	64	64
16.03.2001	64	64	64	64
19.03.2001	0	0	0	64
20.03.2001	70	70	70	70
21.03.2001	65	65	65	65
22.03.2001	0	0	0	65
23.03.2001	66,56	67	65	67
26.03.2001	0	0	0	67
27.03.2001	65	69,8	65	69,8
28.03.2001	68,75	69,5	65	69,5
29.03.2001	65,5	65,5	65,5	65,5
30.03.2001	0	0	0	65,5
2.04.2001	65,24	69,7	65,2	69,7
3.04.2001	65,2	65,2	65,2	65,2
4.04.2001	69,9	69,9	69,9	69,9
5.04.2001	65,5	65,5	65,5	65,5
6.04.2001	74	74	74	74
9.04.2001	65,5	65,5	65,5	65,5
10.04.2001	66,24	74,4	65,5	74,4
11.04.2001	66	66	66	66
12.04.2001	69,9	69,9	69,9	69,9
16.04.2001	66	66	66	66
17.04.2001	66	66	66	66
18.04.2001	68,82	69	67	69
19.04.2001	0	0	0	69
20.04.2001	0	0	0	69
23.04.2001	0	0	0	69
24.04.2001	70,86	72	68	68
25.04.2001	66	66	66	66
26.04.2001	0	0	0	66
27.04.2001	0	0	0	66
30.04.2001	72	72	72	72
2.05.2001	69,95	70	66,75	70
3.05.2001	0	0	0	70
4.05.2001	70	70	70	70
7.05.2001	68,14	68,14	68,14	68,14
8.05.2001	65,69	67	65	65
9.05.2001	65,54	67,25	65,5	65,5
10.05.2001	0	0	0	65,5
11.05.2001	66,75	66,75	66,75	66,75
14.05.2001	66,39	66,5	65,5	65,5
15.05.2001	65,24	65,25	65	65,25
16.05.2001	0	0	0	65,25
17.05.2001	65	65	65	65
18.05.2001	65,11	66,5	64,5	65
21.05.2001	67	67	67	67
22.05.2001	0	0	0	67
23.05.2001	68,33	68,5	68	68,5
24.05.2001	66,5	66,5	66,5	66,5
25.05.2001	0	0	0	66,5
28.05.2001	0	0	0	66,5
29.05.2001	66,5	66,5	66,5	66,5
30.05.2001	69,75	69,75	69,75	69,75
31.05.2001	69,61	69,75	66,5	69,75
1.06.2001	66,5	66,5	66,5	66,5
4.06.2001	66,5	66,5	66,5	66,5
5.06.2001	0	0	0	66,5
6.06.2001	0	0	0	66,5
7.06.2001	0	0	0	66,5
8.06.2001	0	0	0	66,5
11.06.2001	66,5	66,5	66,5	66,5
12.06.2001	67,99	68	66,5	68
13.06.2001	66,5	66,5	66,5	66,5
14.06.2001	0	0	0	66,5
15.06.2001	66,5	66,5	66,5	66,5
18.06.2001	66,5	66,5	66,5	66,5
19.06.2001	66,5	66,5	66,5	66,5
20.06.2001	66,75	66,75	66,75	66,75
21.06.2001	0	0	0	66,75
22.06.2001	0	0	0	66,75
25.06.2001	66,5	66,5	66,5	66,5
26.06.2001	66,5	66,5	66,5	66,5
27.06.2001	66,5	66,5	66,5	66,5
28.06.2001	66,5	66,5	66,5	66,5
29.06.2001	66,55	68,5	66,5	68,5
2.07.2001	67,33	68,5	66,5	66,5
3.07.2001	0	0	0	66,5
4.07.2001	0	0	0	66,5
5.07.2001	66,5	66,5	66,5	66,5
6.07.2001	0	0	0	66,5
9.07.2001	0	0	0	66,5
10.07.2001	0	0	0	66,5
11.07.2001	66,5	66,5	66,5	66,5
12.07.2001	0	0	0	66,5
13.07.2001	68,5	68,5	68,5	68,5
16.07.2001	0	0	0	68,5
17.07.2001	0	0	0	68,5
18.07.2001	66,5	66,5	66,5	66,5
19.07.2001	0	0	0	66,5
20.07.2001	0	0	0	66,5
23.07.2001	66,5	66,5	66,5	66,5
24.07.2001	66,5	66,5	66,5	66,5
25.07.2001	0	0	0	66,5
26.07.2001	0	0	0	66,5
27.07.2001	66,61	67	66,5	66,5
30.07.2001	66	66	66	66
31.07.2001	66	66	66	66
1.08.2001	66	66	66	66
2.08.2001	0	0	0	66
3.08.2001	66	66	66	66
6.08.2001	64,25	64,25	64,25	64,25
7.08.2001	0	0	0	64,25
8.08.2001	63	63	63	63
9.08.2001	0	0	0	63
10.08.2001	65,4	67	63	67
13.08.2001	63	63	63	63
14.08.2001	63	63	63	63
15.08.2001	63	63	63	63
16.08.2001	0	0	0	63
17.08.2001	0	0	0	63
21.08.2001	63	63	63	63
22.08.2001	67	67	67	67
23.08.2001	0	0	0	67
24.08.2001	0	0	0	67
27.08.2001	0	0	0	67
28.08.2001	0	0	0	67
29.08.2001	66,06	67	63	67
30.08.2001	63	63	63	63
31.08.2001	63	63	63	63
3.09.2001	63	63	63	63
4.09.2001	63	63	63	63
5.09.2001	0	0	0	63
6.09.2001	0	0	0	63
7.09.2001	63,22	63,25	63	63
10.09.2001	63	63	63	63
11.09.2001	62,69	63	62	63
12.09.2001	0	0	0	63
13.09.2001	63,5	63,5	63,5	63,5
14.09.2001	62	62	62	62
17.09.2001	64,14	64,5	62	63,5
18.09.2001	63,25	63,5	63	63,5
19.09.2001	63,5	63,5	63,5	63,5
20.09.2001	62,68	63	62,5	63
21.09.2001	62,5	62,5	62,5	62,5
24.09.2001	62,25	62,25	62,25	62,25
25.09.2001	62,83	65	62,75	62,75
26.09.2001	64,5	65	64	65
27.09.2001	63,75	63,75	63,75	63,75
28.09.2001	0	0	0	63,75
1.10.2001	0	0	0	63,75
2.10.2001	63,75	63,75	63,75	63,75
3.10.2001	0	0	0	63,75
4.10.2001	0	0	0	63,75
5.10.2001	64	65,13	63,5	63,5
8.10.2001	63,75	63,75	63,75	63,75
9.10.2001	0	0	0	63,75
10.10.2001	63,5	63,5	63,5	63,5
11.10.2001	63,6	63,6	63,6	63,6
12.10.2001	0	0	0	63,6
15.10.2001	63,75	63,75	63,75	63,75
16.10.2001	63,67	63,75	63,5	63,5
17.10.2001	63,5	63,5	63,5	63,5
18.10.2001	65,5	65,5	65,5	65,5
19.10.2001	0	0	0	65,5
22.10.2001	63,6	63,6	63,6	63,6
23.10.2001	65	65	65	65
24.10.2001	63,6	65,25	63,5	63,5
25.10.2001	0	0	0	63,5
26.10.2001	63,52	63,75	63,5	63,75
29.10.2001	0	0	0	63,75
30.10.2001	64,75	64,75	64,75	63,75
31.10.2001	0	0	0	63,75
1.11.2001	63,81	64	63,75	64
2.11.2001	63,75	63,75	63,75	63,75
5.11.2001	63,54	63,75	63,5	63,75
6.11.2001	0	0	0	63,75
7.11.2001	0	0	0	63,75
8.11.2001	0	0	0	63,75
9.11.2001	63,75	63,75	63,75	63,75
12.11.2001	63,75	63,75	63,75	63,75
13.11.2001	0	0	0	63,75
14.11.2001	63,5	63,5	63,5	63,5
15.11.2001	63,5	63,5	63,5	63,5
16.11.2001	63,5	63,5	63,5	63,5
19.11.2001	0	0	0	63,5
20.11.2001	63,34	63,5	63,25	63,25
21.11.2001	63,25	63,25	63,25	63,25
22.11.2001	0	0	0	63,25
23.11.2001	63	63	63	63
26.11.2001	0	0	0	63
27.11.2001	62,75	62,75	62,75	62,75
28.11.2001	62,5	62,5	62,5	62,5
29.11.2001	62	62	62	62
30.11.2001	0	0	0	62
3.12.2001	60,9	61	59	59
4.12.2001	59	59	59	59
5.12.2001	0	0	0	59
6.12.2001	0	0	0	59
7.12.2001	0	0	0	59
10.12.2001	0	0	0	59
11.12.2001	59,25	59,25	59,25	59,25
12.12.2001	59,5	59,5	59,5	59,5
13.12.2001	59,46	59,5	59,25	59,25
14.12.2001	59,51	59,75	59,25	59,5
17.12.2001	0	0	0	59,5
18.12.2001	0	0	0	59,5
19.12.2001	0	0	0	59,5
20.12.2001	0	0	0	59,5
21.12.2001	58,59	59	58	58
24.12.2001	0	0	0	58
27.12.2001	0	0	0	58
28.12.2001	59,75	59,75	59,75	59,75
31.12.2001	59,75	59,75	59,75	59,75
2.01.2002	0	0	0	59,75
3.01.2002	0	0	0	59,75
4.01.2002	0	0	0	59,75
7.01.2002	0	0	0	59,75
8.01.2002	0	0	0	59,75
9.01.2002	0	0	0	59,75
10.01.2002	55,76	57,5	52,25	52,75
11.01.2002	56	57	54	54
14.01.2002	0	0	0	54
15.01.2002	54,75	54,75	54,75	54,75
16.01.2002	0	0	0	54,75
17.01.2002	55,5	55,5	55,5	55,5
18.01.2002	0	0	0	55,5
21.01.2002	0	0	0	55,5
22.01.2002	0	0	0	55,5
23.01.2002	54,27	55	54	55
24.01.2002	54,27	55,5	54	55,5
25.01.2002	54	54	54	54
28.01.2002	54,25	54,25	54,25	54,25
29.01.2002	0	0	0	54,25
30.01.2002	56	56	56	56
31.01.2002	54,98	56	54,5	55,25
1.02.2002	0	0	0	55,25
4.02.2002	54,5	54,5	54,5	54,5
5.02.2002	55,04	55,25	55	55
6.02.2002	0	0	0	55
7.02.2002	54,75	54,75	54,75	54,75
8.02.2002	0	0	0	54,75
11.02.2002	54,75	54,75	54,75	54,75
12.02.2002	55,75	55,75	55,75	55,75
13.02.2002	0	0	0	55,75
14.02.2002	0	0	0	55,75
15.02.2002	54,98	55	54,75	55
18.02.2002	0	0	0	55
19.02.2002	54,59	54,75	54,59	54,75
20.02.2002	54,59	54,75	54,59	54,75
21.02.2002	54,96	55	54,75	54,75
22.02.2002	55,5	55,5	55,5	54,75
25.02.2002	52,87	53,2	52,73	53,2
26.02.2002	52,1	52,1	52,1	52,1
27.02.2002	53,67	0	0	52,1
28.02.2002	55,67	56,01	53,51	56,01
1.03.2002	54,76	54,76	54,76	54,76
4.03.2002	57,11	57,11	57,11	57,11
5.03.2002	55,5	0	0	57,11
6.03.2002	55,7	55,7	55,7	55,7
7.03.2002	55,5	0	0	55,7
8.03.2002	55,5	0	0	55,7
11.03.2002	55,5	0	0	55,7
12.03.2002	55,86	55,86	55,86	55,86
13.03.2002	61,71	64,15	58,67	61,33
14.03.2002	62,14	64,15	59,46	59,46
15.03.2002	59,26	62,59	58,52	58,83
18.03.2002	58,03	58,67	57,89	57,89
19.03.2002	57,26	58,05	56,95	56,95
20.03.2002	60,17	0	0	56,95
21.03.2002	56,97	57,42	56,95	56,95
22.03.2002	59,01	60,24	58,99	58,99
25.03.2002	60,19	60,4	59,61	60,24
26.03.2002	57,5	60,55	57,11	57,74
27.03.2002	57,18	59,93	57,11	57,11
2.04.2002	57	60,71	56,95	60,71
3.04.2002	57,89	57,89	57,89	57,89
4.04.2002	59,14	59,77	57,89	59,61
5.04.2002	58,7	0	0	59,61
8.04.2002	57,75	61,02	57,42	57,42
9.04.2002	58,27	61,02	57,89	59,14
10.04.2002	59,54	59,93	58,36	58,36
11.04.2002	58,06	60,4	57,89	57,89
12.04.2002	59,52	60,08	59,14	59,14
15.04.2002	59,11	59,77	57,89	57,89
16.04.2002	58,17	61,49	57,89	61,18
17.04.2002	49,83	50,07	48,66	49,44
18.04.2002	48,66	49,6	47,88	47,88
19.04.2002	48,5	50,07	48,04	48,35
22.04.2002	47,87	48,97	47,72	47,72
23.04.2002	48,64	48,82	47,72	48,66
24.04.2002	48,59	49,29	48,5	48,66
25.04.2002	48,85	48,97	48,5	48,66
26.04.2002	49,88	50,85	49,29	49,44
29.04.2002	49,77	50,07	49,44	50,07
30.04.2002	49,91	50,07	49,29	49,76
2.05.2002	49,59	50,38	49,44	50,38
3.05.2002	49,69	49,91	49,44	49,91
6.05.2002	49,76	49,76	49,76	49,76
7.05.2002	0	0	0	49,76
8.05.2002	49,29	49,29	49,29	49,29
9.05.2002	0	0	0	49,29
13.05.2002	50,03	50,07	49,76	50,07
14.05.2002	50,3	50,38	50,07	50,38
15.05.2002	50,68	50,85	50,38	50,54
16.05.2002	50,17	50,38	50,07	50,23
17.05.2002	51	51,95	50,23	51,95
20.05.2002	51,25	51,95	50,69	50,69
21.05.2002	0	0	0	50,69
22.05.2002	50,43	50,54	50,38	50,38
23.05.2002	51,48	51,48	51,48	51,48
24.05.2002	51,02	51,48	50,85	51,48
27.05.2002	50,38	50,38	50,38	50,38
28.05.2002	50,07	50,07	50,07	50,07
29.05.2002	50,07	50,07	50,07	50,07
30.05.2002	0	0	0	50,07
31.05.2002	51,16	51,16	51,16	51,16
3.06.2002	49,44	49,44	49,44	49,44
4.06.2002	50,5	50,85	50,23	50,38
5.06.2002	51,04	51,48	50,38	51,48
6.06.2002	49,6	49,6	49,6	49,6
7.06.2002	50,34	50,38	50,07	50,38
10.06.2002	50,85	50,85	50,54	50,69
11.06.2002	50,26	50,54	50,07	50,54
12.06.2002	50,23	50,23	50,23	50,23
13.06.2002	50,23	50,23	50,23	50,23
14.06.2002	50,23	50,23	50,23	50,23
17.06.2002	50,69	50,69	50,54	50,69
18.06.2002	50,67	50,69	50,54	50,69
19.06.2002	50,85	50,85	50,85	50,85
20.06.2002	0	0	0	50,85
21.06.2002	50,11	50,54	49,44	50,38
25.06.2002	0	0	0	50,38
26.06.2002	0	0	0	50,38
27.06.2002	49,52	49,6	49,44	49,44
28.06.2002	0	0	0	49,44
1.07.2002	50,07	50,07	50,07	50,07
2.07.2002	49,4	49,44	49,29	49,44
3.07.2002	49,44	49,44	49,44	49,44
4.07.2002	0	0	0	49,44
5.07.2002	49,6	49,6	49,6	49,6
8.07.2002	49,42	49,44	49,29	49,44
9.07.2002	50,69	50,85	49,6	49,6
10.07.2002	49,35	49,44	49,29	49,44
11.07.2002	49,29	49,29	49,29	49,29
12.07.2002	50,85	50,85	49,6	49,6
15.07.2002	0	0	0	49,6
16.07.2002	50,91	51,01	50,85	51,01
17.07.2002	50,73	51,01	50,07	50,07
18.07.2002	50,08	50,54	50,07	50,54
19.07.2002	0	0	0	50,54
22.07.2002	50,02	50,07	49,91	50,07
23.07.2002	49,48	50,07	49,29	49,29
24.07.2002	50,07	50,07	50,07	50,07
25.07.2002	0	0	0	50,07
26.07.2002	49,33	49,44	49,29	49,29
29.07.2002	48,76	50,23	48,5	48,5
30.07.2002	49,2	49,76	48,5	49,76
31.07.2002	49,49	50,07	49,13	50,07
1.08.2002	0	0	0	50,07
2.08.2002	47,58	49,91	47,1	47,1
5.08.2002	46,94	46,94	46,94	46,94
6.08.2002	48,71	49,76	48,66	48,66
7.08.2002	47,19	47,72	46,63	46,63
8.08.2002	48,14	48,5	46,94	48,5
9.08.2002	49,4	49,6	49,13	49,6
12.08.2002	49,59	49,6	49,44	49,44
13.08.2002	50,34	50,69	49,91	50,54
14.08.2002	50,08	50,38	50,07	50,07
15.08.2002	49,89	49,91	49,76	49,91
16.08.2002	0	0	0	49,91
19.08.2002	0	0	0	49,91
21.08.2002	50,02	50,07	49,76	50,07
22.08.2002	50,07	50,07	50,07	50,07
23.08.2002	50,4	50,54	50,23	50,54
26.08.2002	50,4	50,69	50,38	50,38
27.08.2002	0	0	0	50,38
28.08.2002	51,2	51,63	50,69	51,63
29.08.2002	51,46	51,63	51,16	51,16
30.08.2002	51,61	51,63	51,48	51,63
2.09.2002	51,31	51,32	51,16	51,32
3.09.2002	51,69	51,95	51,63	51,63
4.09.2002	51,49	51,63	51,16	51,16
5.09.2002	51,83	52,1	51,63	51,63
6.09.2002	51,63	51,63	51,63	51,63
9.09.2002	0	0	0	51,63
10.09.2002	51,95	51,95	51,95	51,95
11.09.2002	51,19	51,32	51,16	51,32
12.09.2002	0	0	0	51,32
13.09.2002	51,62	51,63	51,48	51,63
16.09.2002	51,18	51,63	51,16	51,16
17.09.2002	51,47	51,48	51,32	51,32
18.09.2002	51,63	51,63	51,63	51,63
19.09.2002	0	0	0	51,63
20.09.2002	0	0	0	51,63
23.09.2002	51,63	51,63	51,63	51,63
24.09.2002	51,26	51,32	50,38	51,32
25.09.2002	50,85	50,85	50,85	50,85
26.09.2002	50,38	50,38	50,38	50,38
27.09.2002	50,85	50,85	50,85	50,85
30.09.2002	51,48	0	0	50,85
1.10.2002	51,48	51,48	51,48	51,48
2.10.2002	51,01	51,01	51,01	51,01
3.10.2002	51,3	51,48	51,01	51,48
4.10.2002	0	0	0	51,48
7.10.2002	0	0	0	51,48
8.10.2002	0	0	0	51,48
9.10.2002	51,32	51,32	51,32	51,32
10.10.2002	50,54	50,54	50,54	50,54
11.10.2002	51,16	51,16	51,16	51,16
14.10.2002	51,15	51,16	51,01	51,16
15.10.2002	0	0	0	51,16
16.10.2002	51,48	51,48	51,48	51,48
17.10.2002	51,48	51,48	51,48	51,48
18.10.2002	0	0	0	51,48
21.10.2002	51,06	51,48	50,85	50,85
22.10.2002	50,69	50,69	50,69	50,69
23.10.2002	51,32	51,32	51,32	51,32
24.10.2002	0	0	0	51,32
25.10.2002	51,23	51,48	51,01	51,48
28.10.2002	51,48	51,48	51,48	51,48
29.10.2002	51,52	51,63	51,48	51,48
30.10.2002	51,6	51,63	51,48	51,48
31.10.2002	51,85	51,95	51,63	51,95
1.11.2002	0	0	0	51,95
4.11.2002	51,99	52,1	51,48	51,48
5.11.2002	0	0	0	51,48
6.11.2002	0	0	0	51,48
7.11.2002	51,16	51,16	51,16	51,16
8.11.2002	51,6	51,95	51,48	51,63
11.11.2002	51,63	51,63	51,63	51,63
12.11.2002	51,64	51,95	51,63	51,63
13.11.2002	0	0	0	51,63
14.11.2002	51,63	51,63	51,63	51,63
15.11.2002	51,53	51,63	51,48	51,63
18.11.2002	51,47	51,63	51,32	51,48
19.11.2002	51,63	51,63	51,63	51,63
20.11.2002	51,16	51,16	51,16	51,16
21.11.2002	51,63	51,63	51,63	51,63
22.11.2002	51,38	51,63	51,01	51,63
25.11.2002	51,01	51,01	51,01	51,01
26.11.2002	0	0	0	51,01
27.11.2002	51,63	51,63	51,63	51,63
28.11.2002	0	0	0	51,63
29.11.2002	52,32	52,57	51,63	52,42
2.12.2002	0	0	0	52,42
3.12.2002	52,12	52,26	51,63	52,26
4.12.2002	0	0	0	52,26
5.12.2002	52,61	52,73	52,57	52,73
6.12.2002	52,73	52,73	52,73	52,73
9.12.2002	52,86	53,2	52,26	53,2
10.12.2002	53,58	53,98	53,35	53,35
11.12.2002	54,15	54,29	53,98	54,29
12.12.2002	53,84	55,86	53,51	53,51
13.12.2002	54,21	54,61	53,2	54,29
16.12.2002	55,39	55,7	54,45	55,55
17.12.2002	55,68	56,17	55,23	56,01
18.12.2002	56,17	56,17	56,17	56,17
19.12.2002	56	56,17	55,39	56,17
20.12.2002	55,55	55,7	55,23	55,55
23.12.2002	0	0	0	55,55
24.12.2002	52,73	52,73	52,73	52,73
27.12.2002	52,98	53,51	52,42	52,42
30.12.2002	52,57	52,57	52,57	52,57
31.12.2002	53,82	53,82	53,82	53,82
2.01.2003	54,45	54,45	54,45	54,45
3.01.2003	54,88	54,92	54,76	54,92
6.01.2003	54,66	55,08	54,14	54,92
7.01.2003	55,04	55,08	54,92	55,08
8.01.2003	55,12	55,23	54,76	55,23
9.01.2003	55,13	55,39	55,08	55,39
10.01.2003	0	0	0	55,39
13.01.2003	55,19	55,23	55,08	55,08
14.01.2003	0	0	0	55,08
15.01.2003	55,39	55,39	55,39	55,39
16.01.2003	54,97	55,08	54,92	55,08
17.01.2003	54,92	54,92	54,92	54,92
20.01.2003	0	0	0	54,92
21.01.2003	0	0	0	54,92
22.01.2003	55,39	55,39	55,39	55,39
23.01.2003	55,19	55,39	55,08	55,08
24.01.2003	55,51	55,55	55,39	55,55
27.01.2003	55,39	55,39	55,39	55,39
28.01.2003	55,54	55,55	55,39	55,55
29.01.2003	55,94	56,01	55,86	56,01
30.01.2003	55,7	55,7	55,7	55,7
31.01.2003	0	0	0	55,7
3.02.2003	55,97	56,01	55,86	56,01
4.02.2003	55,31	55,86	55,23	55,23
5.02.2003	55,28	55,39	55,23	55,23
6.02.2003	55,64	56,17	55,39	55,55
7.02.2003	0	0	0	55,55
10.02.2003	0	0	0	55,55
11.02.2003	56,19	56,48	56,01	56,33
12.02.2003	57,27	57,27	57,27	57,27
13.02.2003	56,33	56,33	56,33	56,33
14.02.2003	56,64	56,64	56,64	56,64
17.02.2003	0	0	0	56,64
18.02.2003	56,57	57,42	56,33	57,42
19.02.2003	0	0	0	57,42
20.02.2003	56,64	56,64	56,64	56,64
21.02.2003	56,95	57,11	56,48	57,11
25.02.2003	56,84	57,74	56,33	57,74
26.02.2003	0	0	0	57,74
27.02.2003	0	0	0	57,74
28.02.2003	57,11	57,11	57,11	57,11
3.03.2003	0	0	0	57,11
4.03.2003	56,35	56,48	56,01	56,01
5.03.2003	54,93	55,86	54,76	54,76
6.03.2003	54,77	55,86	54,45	55,86
7.03.2003	54,9	54,92	54,76	54,76
10.03.2003	54,88	55,23	54,76	54,76
11.03.2003	54,76	54,76	54,76	54,76
12.03.2003	0	0	0	54,76
13.03.2003	54,1	54,14	53,98	54,14
14.03.2003	0	0	0	54,14
17.03.2003	53,98	53,98	53,98	53,98
18.03.2003	54,15	54,29	54,14	54,14
19.03.2003	54,29	54,29	54,29	54,29
20.03.2003	0	0	0	54,29
21.03.2003	54,14	54,14	54,14	54,14
24.03.2003	54,76	55,23	53,98	55,23
25.03.2003	54,14	54,14	54,14	54,14
26.03.2003	54,68	54,76	54,29	54,29
27.03.2003	54,14	54,14	54,14	54,14
28.03.2003	54,41	55,23	54,14	55,23
31.03.2003	0	0	0	55,23
1.04.2003	55,23	55,23	55,23	55,23
2.04.2003	55,35	55,55	55,23	55,55
3.04.2003	55,08	55,08	55,08	55,08
4.04.2003	55,55	55,86	55,08	55,55
7.04.2003	55,08	55,08	55,08	55,08
8.04.2003	55,83	56,01	55,08	55,39
9.04.2003	56,07	56,33	55,55	56,17
10.04.2003	55,7	55,7	55,7	55,7
11.04.2003	0	0	0	55,7
14.04.2003	55,7	55,7	55,7	55,7
15.04.2003	0	0	0	55,7
16.04.2003	56	56,01	55,7	56,01
17.04.2003	0	0	0	56,01
21.04.2003	0	0	0	56,01
22.04.2003	56,08	56,64	56,01	56,01
23.04.2003	56,51	56,64	56,33	56,33
24.04.2003	0	0	0	56,33
25.04.2003	56,38	56,48	56,33	56,48
28.04.2003	0	0	0	56,48
29.04.2003	56,48	56,64	56,33	56,33
30.04.2003	56,33	56,33	56,33	56,33
2.05.2003	0	0	0	56,33
5.05.2003	0	0	0	56,33
6.05.2003	56,48	56,48	56,48	56,48
7.05.2003